[gd_scene load_steps=59 format=2]

[ext_resource path="res://3D/Character Oficial/Caio/Caio Normal.tres" type="ArrayMesh" id=1]
[ext_resource path="res://Scenes/Inventory/Inventory.tscn" type="PackedScene" id=2]
[ext_resource path="res://Scenes/HUDs/Pause/pause.tscn" type="PackedScene" id=3]
[ext_resource path="res://Scenes/Character/States/Movement.gd" type="Script" id=4]
[ext_resource path="res://Scenes/Character/States/Talking.gd" type="Script" id=5]
[ext_resource path="res://Scenes/HUDs/Pause/Life.tscn" type="PackedScene" id=6]
[ext_resource path="res://Scenes/Character/MainChar.gd" type="Script" id=7]
[ext_resource path="res://Scenes/Character/Battling.gd" type="Script" id=8]
[ext_resource path="res://addons/proton_trail-master/proton_trail.gd" type="Script" id=9]
[ext_resource path="res://addons/proton_trail-master/demo/sword_trail.png" type="Texture" id=10]
[ext_resource path="res://Sprites/UI/Icons/Attacks/Laser.png" type="Texture" id=11]
[ext_resource path="res://Sprites/UI/Icons/Attacks/Ray Explosion.png" type="Texture" id=12]
[ext_resource path="res://Sprites/UI/Icons/Attacks/Speed.png" type="Texture" id=13]
[ext_resource path="res://Sprites/UI/Icons/Attacks/Force Field.png" type="Texture" id=14]
[ext_resource path="res://Scenes/Attacks/Scripts/AttackBTN.gd" type="Script" id=15]

[sub_resource type="CapsuleShape" id=7]
radius = 0.258477
height = 0.708608

[sub_resource type="Skin" id=2]
resource_name = "Skin"
bind_count = 65
bind/0/name = "Root"
bind/0/bone = -1
bind/0/pose = Transform( 1, 0, 0, 0, 1, 0, 0, 0, 1, 0, -0.000900567, 0 )
bind/1/name = "Base"
bind/1/bone = -1
bind/1/pose = Transform( 1, 0, 0, 0, 1, 0, 0, 0, 1, 0, -0.688015, 0 )
bind/2/name = "Coluna01"
bind/2/bone = -1
bind/2/pose = Transform( 1, 0, 0, 0, 1, 0, 0, 0, 1, 0, -0.844064, 0 )
bind/3/name = "Pescoço"
bind/3/bone = -1
bind/3/pose = Transform( 1, 0, 0, 0, 1, 0, 0, 0, 1, 0, -1.10176, 0 )
bind/4/name = "Cabeça"
bind/4/bone = -1
bind/4/pose = Transform( 1, 0, 0, 0, 1, 0, 0, 0, 1, 0, -1.18194, 0 )
bind/5/name = "Clavicula.L"
bind/5/bone = -1
bind/5/pose = Transform( 0.543665, -0.0407401, 0.838313, 0.838313, 0.0748418, -0.540027, -0.0407401, 0.996363, 0.0748418, -0.0591702, -0.0770963, -1.0492 )
bind/6/name = "Umero.L"
bind/6/bone = -1
bind/6/pose = Transform( 0.0302944, -7.51487e-08, 0.999541, 0.999541, -2.00844e-08, -0.0302942, 1.52335e-08, 1, 1.3371e-07, 0.00363873, -0.203754, -1.06209 )
bind/7/name = "Cotovelo.L"
bind/7/bone = -1
bind/7/pose = Transform( 0.0500752, -0.0134225, 0.998655, 0.998426, 0.0259643, -0.0497146, -0.025262, 0.999573, 0.0147016, 0.0079581, -0.529208, -1.04869 )
bind/8/name = "Radio.L"
bind/8/bone = -1
bind/8/pose = Transform( -0.0589454, -6.80879e-08, 0.998261, 0.998261, -2.88693e-10, 0.0589456, -1.3154e-08, 1, 1.2797e-07, 0.0502771, -0.516999, -1.06254 )
bind/9/name = "Mao.L"
bind/9/bone = -1
bind/9/pose = Transform( 0.0627904, -7.77627e-08, 0.998027, 0.998027, -1.31765e-08, -0.0627903, 8.60451e-09, 1, 1.36765e-07, -0.0292524, -0.652724, -1.06254 )
bind/10/name = "Minimo01.L"
bind/10/bone = -1
bind/10/pose = Transform( 0.30849, 0.0683583, 0.948768, 0.948768, -0.0937893, -0.301732, 0.0683584, 0.993242, -0.0937892, -0.246512, -0.617969, -1.11448 )
bind/11/name = "Minimo02.L"
bind/11/bone = -1
bind/11/pose = Transform( 0.311212, 0.13411, 0.94083, 0.94083, -0.183183, -0.2851, 0.13411, 0.973888, -0.183183, -0.319014, -0.550857, -1.15072 )
bind/12/name = "Minimo03.L"
bind/12/bone = -1
bind/12/pose = Transform( 0.348417, 0.142442, 0.926453, 0.926453, -0.202531, -0.317278, 0.142442, 0.968861, -0.202531, -0.358288, -0.540794, -1.15339 )
bind/13/name = "Anelar01.L"
bind/13/bone = -1
bind/13/pose = Transform( 0.291161, -7.64118e-08, 0.956674, 0.956674, -2.6485e-08, -0.291161, 3.81569e-08, 1, 1.25373e-07, -0.189832, -0.723852, -1.06254 )
bind/14/name = "Anelar02.L"
bind/14/bone = -1
bind/14/pose = Transform( 0.314931, 0.191712, 0.929551, 0.929551, -0.260129, -0.261281, 0.191712, 0.94635, -0.260129, -0.413382, -0.466719, -1.16733 )
bind/15/name = "Anelar03.L"
bind/15/bone = -1
bind/15/pose = Transform( 0.375649, 0.219324, 0.900436, 0.900436, -0.316309, -0.298604, 0.219325, 0.922955, -0.316309, -0.493013, -0.40762, -1.16757 )
bind/16/name = "Medio01.L"
bind/16/bone = -1
bind/16/pose = Transform( 0.124762, -7.78127e-08, 0.992187, 0.992187, -1.68387e-08, -0.124761, 1.69864e-08, 1, 1.35087e-07, -0.0886589, -0.747012, -1.06254 )
bind/17/name = "Medio02.L"
bind/17/bone = -1
bind/17/pose = Transform( 0.153185, 0.220682, 0.963241, 0.963241, -0.251024, -0.0956746, 0.220682, 0.942489, -0.251023, -0.346124, -0.502397, -1.18014 )
bind/18/name = "Medio03.L"
bind/18/bone = -1
bind/18/pose = Transform( 0.212898, 0.26832, 0.93951, 0.93951, -0.320275, -0.121429, 0.26832, 0.908531, -0.320275, -0.445707, -0.432951, -1.1842 )
bind/19/name = "Indicador01.L"
bind/19/bone = -1
bind/19/pose = Transform( -0.149504, -7.53256e-08, 0.988761, 0.988761, -3.55085e-10, 0.149504, -2.03391e-08, 1, 1.34515e-07, 0.0934418, -0.746044, -1.06254 )
bind/20/name = "Indicador02.L"
bind/20/bone = -1
bind/20/pose = Transform( -0.0700283, 0.292568, 0.953677, 0.953677, -0.260755, 0.150022, 0.292567, 0.920006, -0.260755, -0.279631, -0.483986, -1.20318 )
bind/21/name = "Indicador03.L"
bind/21/bone = -1
bind/21/pose = Transform( 0.0045476, 0.363617, 0.931537, 0.931537, -0.340271, 0.128274, 0.363617, 0.867178, -0.340271, -0.414856, -0.403277, -1.20296 )
bind/22/name = "Polegar01.L"
bind/22/bone = -1
bind/22/pose = Transform( -0.509676, -0.677223, 0.530659, 0.530659, 0.238048, 0.81347, -0.677223, 0.696205, 0.238048, 1.06074, -0.622633, -0.261106 )
bind/23/name = "Polegar02.L"
bind/23/bone = -1
bind/23/pose = Transform( -0.716312, -0.0127592, 0.697663, 0.697663, 0.00518653, 0.716407, -0.0127592, 0.999905, 0.00518647, 0.500193, -0.527225, -1.04766 )
bind/24/name = "Polegar03.L"
bind/24/bone = -1
bind/24/pose = Transform( -0.353069, 0.251688, 0.901108, 0.901107, -0.167617, 0.399887, 0.251688, 0.953183, -0.167618, -0.0553156, -0.502142, -1.18241 )
bind/25/name = "Costela.L"
bind/25/bone = -1
bind/25/pose = Transform( 0.409316, -0.911102, 0.0485216, 0.0485207, 0.0748418, 0.996014, -0.911102, -0.40533, 0.0748412, 0.794774, 0.0206539, 0.545938 )
bind/26/name = "Clavicula.R"
bind/26/bone = -1
bind/26/pose = Transform( 0.543665, 0.0407401, -0.838313, -0.838313, 0.0748418, -0.540027, 0.0407401, 0.996363, 0.0748418, 0.0591702, -0.0770963, -1.0492 )
bind/27/name = "Umero.R"
bind/27/bone = -1
bind/27/pose = Transform( 0.0302944, 7.51487e-08, -0.999541, -0.999541, -2.00844e-08, -0.0302942, -1.52335e-08, 1, 1.3371e-07, -0.00363873, -0.203754, -1.06209 )
bind/28/name = "Cotovelo.R"
bind/28/bone = -1
bind/28/pose = Transform( 0.0500752, 0.0134225, -0.998655, -0.998426, 0.0259643, -0.0497146, 0.025262, 0.999573, 0.0147016, -0.0079581, -0.529208, -1.04869 )
bind/29/name = "Radio.R"
bind/29/bone = -1
bind/29/pose = Transform( -0.0589454, 6.80879e-08, -0.998261, -0.998261, -2.88693e-10, 0.0589456, 1.3154e-08, 1, 1.2797e-07, -0.0502771, -0.516999, -1.06254 )
bind/30/name = "Mao.R"
bind/30/bone = -1
bind/30/pose = Transform( 0.0627904, 7.77627e-08, -0.998027, -0.998027, -1.31765e-08, -0.0627903, -8.60451e-09, 1, 1.36765e-07, 0.0292524, -0.652724, -1.06254 )
bind/31/name = "Minimo01.R"
bind/31/bone = -1
bind/31/pose = Transform( 0.30849, -0.0683583, -0.948768, -0.948768, -0.0937893, -0.301732, -0.0683584, 0.993242, -0.0937892, 0.246512, -0.617969, -1.11448 )
bind/32/name = "Minimo02.R"
bind/32/bone = -1
bind/32/pose = Transform( 0.311212, -0.13411, -0.94083, -0.94083, -0.183183, -0.2851, -0.13411, 0.973888, -0.183183, 0.319014, -0.550857, -1.15072 )
bind/33/name = "Minimo03.R"
bind/33/bone = -1
bind/33/pose = Transform( 0.348417, -0.142442, -0.926453, -0.926453, -0.202531, -0.317278, -0.142442, 0.968861, -0.202531, 0.358288, -0.540794, -1.15339 )
bind/34/name = "Anelar01.R"
bind/34/bone = -1
bind/34/pose = Transform( 0.291161, 7.64118e-08, -0.956674, -0.956674, -2.6485e-08, -0.291161, -3.81569e-08, 1, 1.25373e-07, 0.189832, -0.723852, -1.06254 )
bind/35/name = "Anelar02.R"
bind/35/bone = -1
bind/35/pose = Transform( 0.314931, -0.191712, -0.929551, -0.929551, -0.260129, -0.261281, -0.191712, 0.94635, -0.260129, 0.413382, -0.466719, -1.16733 )
bind/36/name = "Anelar03.R"
bind/36/bone = -1
bind/36/pose = Transform( 0.375649, -0.219324, -0.900436, -0.900436, -0.316309, -0.298604, -0.219325, 0.922955, -0.316309, 0.493013, -0.40762, -1.16757 )
bind/37/name = "Medio01.R"
bind/37/bone = -1
bind/37/pose = Transform( 0.124762, 7.78127e-08, -0.992187, -0.992187, -1.68387e-08, -0.124761, -1.69864e-08, 1, 1.35087e-07, 0.0886589, -0.747012, -1.06254 )
bind/38/name = "Medio02.R"
bind/38/bone = -1
bind/38/pose = Transform( 0.153185, -0.220682, -0.963241, -0.963241, -0.251024, -0.0956746, -0.220682, 0.942489, -0.251023, 0.346124, -0.502397, -1.18014 )
bind/39/name = "Medio03.R"
bind/39/bone = -1
bind/39/pose = Transform( 0.212898, -0.26832, -0.93951, -0.93951, -0.320275, -0.121429, -0.26832, 0.908531, -0.320275, 0.445707, -0.432951, -1.1842 )
bind/40/name = "Indicador01.R"
bind/40/bone = -1
bind/40/pose = Transform( -0.149504, 7.53256e-08, -0.988761, -0.988761, -3.55085e-10, 0.149504, 2.03391e-08, 1, 1.34515e-07, -0.0934418, -0.746044, -1.06254 )
bind/41/name = "Indicador02.R"
bind/41/bone = -1
bind/41/pose = Transform( -0.0700283, -0.292568, -0.953677, -0.953677, -0.260755, 0.150022, -0.292567, 0.920006, -0.260755, 0.279631, -0.483986, -1.20318 )
bind/42/name = "Indicador03.R"
bind/42/bone = -1
bind/42/pose = Transform( 0.0045476, -0.363617, -0.931537, -0.931537, -0.340271, 0.128274, -0.363617, 0.867178, -0.340271, 0.414856, -0.403277, -1.20296 )
bind/43/name = "Polegar01.R"
bind/43/bone = -1
bind/43/pose = Transform( -0.509676, 0.677223, -0.530659, -0.530659, 0.238048, 0.81347, 0.677223, 0.696205, 0.238048, -1.06074, -0.622633, -0.261106 )
bind/44/name = "Polegar02.R"
bind/44/bone = -1
bind/44/pose = Transform( -0.716312, 0.0127592, -0.697663, -0.697663, 0.00518653, 0.716407, 0.0127592, 0.999905, 0.00518647, -0.500193, -0.527225, -1.04766 )
bind/45/name = "Polegar03.R"
bind/45/bone = -1
bind/45/pose = Transform( -0.353069, -0.251688, -0.901108, -0.901107, -0.167617, 0.399887, -0.251688, 0.953183, -0.167618, 0.0553156, -0.502142, -1.18241 )
bind/46/name = "Costela.R"
bind/46/bone = -1
bind/46/pose = Transform( 0.409316, 0.911102, -0.0485216, -0.0485207, 0.0748418, 0.996014, 0.911102, -0.40533, 0.0748412, -0.794774, 0.0206539, 0.545938 )
bind/47/name = "Crista.L"
bind/47/bone = -1
bind/47/pose = Transform( -0.521542, -0.763587, 0.380695, 0.380695, 0.191052, 0.904749, -0.763587, 0.616793, 0.191052, 0.633438, -0.0615423, -0.358843 )
bind/48/name = "Femur.L"
bind/48/bone = -1
bind/48/pose = Transform( 0.999984, -0.0044973, -0.00354021, -0.00354031, -0.972035, 0.234809, -0.00449731, -0.234793, -0.972038, -0.122363, 0.683564, 0.15263 )
bind/49/name = "Fibula.L"
bind/49/bone = -1
bind/49/pose = Transform( 1, -2.00003e-08, 9.42944e-08, -3.60295e-08, -0.977986, -0.208672, -7.07293e-09, 0.208671, -0.977988, -0.124506, 0.436821, -0.0408556 )
bind/50/name = "Pe01.L"
bind/50/bone = -1
bind/50/pose = Transform( 1, -5.4448e-09, -3.87513e-09, 8.06061e-08, -0.579847, 0.814727, -8.09403e-08, -0.814725, -0.579849, -0.124506, 0.104436, 0.138499 )
bind/51/name = "Pe02.L"
bind/51/bone = -1
bind/51/pose = Transform( 1, 2.32773e-08, 5.48897e-09, 1.02669e-07, -0.229512, 0.973308, -1.44318e-08, -0.973306, -0.229513, -0.124506, -0.125725, 0.0983227 )
bind/52/name = "Crista.R"
bind/52/bone = -1
bind/52/pose = Transform( -0.521542, 0.763587, -0.380695, -0.380695, 0.191052, 0.904749, 0.763587, 0.616793, 0.191052, -0.633438, -0.0615423, -0.358843 )
bind/53/name = "Femur.R"
bind/53/bone = -1
bind/53/pose = Transform( 0.999984, 0.0044973, 0.00354021, 0.00354031, -0.972035, 0.234809, 0.00449731, -0.234793, -0.972038, 0.122363, 0.683564, 0.15263 )
bind/54/name = "Fibula.R"
bind/54/bone = -1
bind/54/pose = Transform( 1, 2.00003e-08, -9.42944e-08, 3.60295e-08, -0.977986, -0.208672, 7.07293e-09, 0.208671, -0.977988, 0.124506, 0.436821, -0.0408556 )
bind/55/name = "Pe01.R"
bind/55/bone = -1
bind/55/pose = Transform( 1, 5.4448e-09, 3.87513e-09, -8.06061e-08, -0.579847, 0.814727, 8.09403e-08, -0.814725, -0.579849, 0.124506, 0.104436, 0.138499 )
bind/56/name = "Pe02.R"
bind/56/bone = -1
bind/56/pose = Transform( 1, -2.32773e-08, -5.48897e-09, -1.02669e-07, -0.229512, 0.973308, 1.44318e-08, -0.973306, -0.229513, 0.124506, -0.125725, 0.0983227 )
bind/57/name = "HAND_IK.L"
bind/57/bone = -1
bind/57/pose = Transform( 0, 4.37114e-08, 1, 1, 0, 0, 0, 1, -4.37114e-08, 0.01179, -0.653273, -1.06254 )
bind/58/name = "ARM_ROT.L"
bind/58/bone = -1
bind/58/pose = Transform( 1, 0, 0, 0, 0, -1, 0, 1, 0, -0.487026, -0.428322, -1.06209 )
bind/59/name = "PE_IK.L"
bind/59/bone = -1
bind/59/pose = Transform( 1, 0, 0, 0, 0.0266882, -0.999644, 0, 0.999644, 0.0266883, -0.124506, -0.00941849, -0.173214 )
bind/60/name = "LEG_ROT.L"
bind/60/bone = -1
bind/60/pose = Transform( -1, 8.74228e-08, 0, 0, 0, 1, 8.74228e-08, 1, 0, 0.124506, -0.585307, -0.547408 )
bind/61/name = "HAND_IK.R"
bind/61/bone = -1
bind/61/pose = Transform( 0, -4.37114e-08, -1, -1, 0, 0, 0, 1, -4.37114e-08, -0.01179, -0.653273, -1.06254 )
bind/62/name = "ARM_ROT.R"
bind/62/bone = -1
bind/62/pose = Transform( 1, 0, 0, 0, 0, -1, 0, 1, 0, 0.487026, -0.428322, -1.06209 )
bind/63/name = "PE_IK.R"
bind/63/bone = -1
bind/63/pose = Transform( 1, 0, 0, 0, 0.0266882, -0.999644, 0, 0.999644, 0.0266883, 0.124506, -0.00941849, -0.173214 )
bind/64/name = "LEG_ROT.R"
bind/64/bone = -1
bind/64/pose = Transform( -1, 8.74228e-08, 0, 0, 0, 1, 8.74228e-08, 1, 0, -0.124506, -0.585307, -0.547408 )

[sub_resource type="CapsuleMesh" id=31]

[sub_resource type="SpatialMaterial" id=32]
flags_unshaded = true
albedo_color = Color( 0.964706, 0, 0, 1 )

[sub_resource type="CapsuleShape" id=44]
radius = 2.0
height = 0.002

[sub_resource type="SpatialMaterial" id=45]
flags_unshaded = true
params_use_alpha_scissor = true
params_alpha_scissor_threshold = 0.98
albedo_color = Color( 1, 0, 0, 1 )
albedo_texture = ExtResource( 10 )

[sub_resource type="AnimationNodeAnimation" id=33]
animation = "Attack03"

[sub_resource type="AnimationNodeStateMachine" id=34]
states/Attack03/node = SubResource( 33 )
states/Attack03/position = Vector2( 81, 63 )
start_node = "Attack03"

[sub_resource type="AnimationNodeAnimation" id=24]
animation = "Idle_01"

[sub_resource type="AnimationNodeAnimation" id=25]
animation = "Idle_Break"

[sub_resource type="AnimationNodeStateMachineTransition" id=26]
switch_mode = 2
auto_advance = true

[sub_resource type="AnimationNodeStateMachineTransition" id=27]
switch_mode = 2
auto_advance = true

[sub_resource type="AnimationNodeStateMachine" id=28]
states/Idle_01/node = SubResource( 24 )
states/Idle_01/position = Vector2( 432, 93 )
states/Idle_Break/node = SubResource( 25 )
states/Idle_Break/position = Vector2( 432, 212 )
transitions = [ "Idle_01", "Idle_Break", SubResource( 26 ), "Idle_Break", "Idle_01", SubResource( 27 ) ]
start_node = "Idle_01"

[sub_resource type="AnimationNodeAnimation" id=35]
animation = "Attack01"

[sub_resource type="AnimationNodeAnimation" id=36]
animation = "Attack04"

[sub_resource type="AnimationNodeStateMachineTransition" id=37]
switch_mode = 2
auto_advance = true

[sub_resource type="AnimationNodeStateMachineTransition" id=38]
switch_mode = 2
auto_advance = true

[sub_resource type="AnimationNodeStateMachine" id=39]
states/Attack01/node = SubResource( 35 )
states/Attack01/position = Vector2( 384, 63 )
states/Attack04/node = SubResource( 36 )
states/Attack04/position = Vector2( 384, 153 )
transitions = [ "Attack04", "Attack01", SubResource( 37 ), "Attack01", "Attack04", SubResource( 38 ) ]
start_node = "Attack01"

[sub_resource type="AnimationNodeAnimation" id=10]
animation = "Run_Cycle"

[sub_resource type="AnimationNodeTimeSeek" id=30]

[sub_resource type="AnimationNodeBlend3" id=40]

[sub_resource type="AnimationNodeTimeScale" id=42]

[sub_resource type="AnimationNodeAnimation" id=11]
animation = "Walk_Cycle"

[sub_resource type="AnimationNodeBlend3" id=9]

[sub_resource type="AnimationNodeBlendTree" id=12]
graph_offset = Vector2( -997.464, -92.6731 )
"nodes/Gun Attack State/node" = SubResource( 34 )
"nodes/Gun Attack State/position" = Vector2( -640, 260 )
"nodes/Idle State/node" = SubResource( 28 )
"nodes/Idle State/position" = Vector2( -640, 100 )
"nodes/Melee Attack State/node" = SubResource( 39 )
"nodes/Melee Attack State/position" = Vector2( -820, -60 )
nodes/Run/node = SubResource( 10 )
nodes/Run/position = Vector2( -140, 240 )
nodes/Seek/node = SubResource( 30 )
nodes/Seek/position = Vector2( -180, 100 )
"nodes/States General/node" = SubResource( 40 )
"nodes/States General/position" = Vector2( -400, 60 )
nodes/TimeScale/node = SubResource( 42 )
nodes/TimeScale/position = Vector2( -580, -20 )
nodes/Walk/node = SubResource( 11 )
nodes/Walk/position = Vector2( -140, -40 )
nodes/move/node = SubResource( 9 )
nodes/move/position = Vector2( 120, 100 )
node_connections = [ "States General", 0, "TimeScale", "States General", 1, "Idle State", "States General", 2, "Gun Attack State", "move", 0, "Walk", "move", 1, "Seek", "move", 2, "Run", "TimeScale", 0, "Melee Attack State", "Seek", 0, "States General", "output", 0, "move" ]

[sub_resource type="AnimationNodeStateMachinePlayback" id=41]

[sub_resource type="AnimationNodeStateMachinePlayback" id=29]

[sub_resource type="Animation" id=3]
resource_name = "Attack01"
length = 1.58333
loop = true
tracks/0/type = "transform"
tracks/0/path = NodePath("Armature/Skeleton:Cabeça")
tracks/0/interp = 1
tracks/0/loop_wrap = true
tracks/0/imported = false
tracks/0/enabled = true
tracks/0/keys = PoolRealArray( 0, 1, -7.45058e-09, 0, 0, -0.111978, -0.165455, -0.0163672, 0.979703, 1, 1, 1, 0.0666667, 1, -1.49012e-09, 0, 5.96046e-09, -0.10466, -0.16508, -0.0160604, 0.98058, 1, 1, 1, 0.133333, 1, 9.68575e-09, 9.68575e-08, 0, -0.086975, -0.163953, -0.0152251, 0.982509, 1, 1, 1, 0.266667, 1, 7.45063e-10, -4.47035e-08, 0, -0.0318735, -0.158535, -0.0118198, 0.986768, 1, 1, 1, 0.333333, 1, -3.72529e-09, 0, 3.72529e-09, -0.00190528, -0.154056, -0.00929892, 0.988017, 1, 1, 1, 0.4, 1, -5.21541e-09, -7.45058e-08, 1.11759e-09, 0.0242863, -0.148175, -0.00617941, 0.988644, 1, 1, 1, 0.466667, 1, -1.86265e-09, -9.68575e-08, -7.68341e-10, 0.0436162, -0.141094, -0.00256095, 0.989032, 1, 1, 1, 0.533333, 1, -3.35276e-09, 0, 1.62982e-10, 0.052062, -0.132747, 0.00158968, 0.98978, 1, 1, 1, 0.6, 1, -5.58793e-10, 0, -1.39698e-10, 0.0487319, -0.123156, 0.00624211, 0.99117, 1, 1, 1, 0.666667, 1, -1.86265e-09, 0, 0, 0.0374972, -0.112655, 0.0112255, 0.992863, 1, 1, 1, 0.733333, 1, -1.74623e-11, -7.45058e-08, 1.39699e-10, 0.0194424, -0.101612, 0.0163556, 0.9945, 1, 1, 1, 0.8, 1, -1.86265e-10, -9.68575e-08, -5.58794e-10, -0.00251711, -0.0905697, 0.0213943, 0.995657, 1, 1, 1, 0.933333, 1, -3.72529e-10, 0, 9.31323e-11, -0.0511339, -0.0705234, 0.030293, 0.995738, 1, 1, 1, 1, 1, 1.86265e-09, -1.19209e-07, 0, -0.0737721, -0.0624855, 0.0337641, 0.994743, 1, 1, 1, 1.06667, 1, 1.49012e-09, -9.68575e-08, 0, -0.0921214, -0.0567702, 0.0361872, 0.993469, 1, 1, 1, 1.13333, 1, 0, 9.68575e-08, 9.31323e-11, -0.104875, -0.0535653, 0.0375206, 0.992333, 1, 1, 1, 1.2, 1, -1.49012e-09, -9.68575e-08, 0, -0.11115, -0.0697429, 0.0368999, 0.990667, 1, 1, 1, 1.26667, 1, -3.72529e-10, -4.47035e-08, 1.49012e-09, -0.115276, -0.158044, 0.03233, 0.980147, 1, 1, 1, 1.33333, 1, 3.72529e-09, 1.19209e-07, 0, -0.116878, -0.282503, 0.0253351, 0.951782, 1, 1, 1, 1.4, 1, -7.45058e-09, -2.23517e-08, 0, -0.115912, -0.383571, 0.0191367, 0.916008, 1, 1, 1, 1.46667, 1, 5.21541e-09, -9.68575e-08, 1.19209e-08, -0.115049, -0.422153, 0.0166359, 0.899041, 1, 1, 1, 1.58333, 1, 1.11759e-08, -1.19209e-07, 1.49012e-08, -0.115049, -0.422153, 0.0166359, 0.899041, 1, 1, 1 )
tracks/1/type = "transform"
tracks/1/path = NodePath("Armature/Skeleton:Pescoço")
tracks/1/interp = 1
tracks/1/loop_wrap = true
tracks/1/imported = false
tracks/1/enabled = true
tracks/1/keys = PoolRealArray( 0, 1, 0, 0, 0, -3.72529e-09, 4.44089e-16, -3.72529e-09, 1, 1, 1, 1, 1.58333, 1, -3.72529e-09, 0, 0, 0, 4.65662e-10, 1.86264e-09, 1, 1, 1, 1 )
tracks/2/type = "transform"
tracks/2/path = NodePath("Armature/Skeleton:Minimo03.L")
tracks/2/interp = 1
tracks/2/loop_wrap = true
tracks/2/imported = false
tracks/2/enabled = true
tracks/2/keys = PoolRealArray( 0, 1, -5.58211e-08, 0, -3.72529e-09, -0.336611, -0.0683358, 0.0478831, 0.937939, 1, 1, 1, 1.58333, 1, -5.58211e-08, 0, -1.49012e-08, -0.336611, -0.0683358, 0.0478831, 0.937939, 1, 1, 1 )
tracks/3/type = "transform"
tracks/3/path = NodePath("Armature/Skeleton:Minimo02.L")
tracks/3/interp = 1
tracks/3/loop_wrap = true
tracks/3/imported = false
tracks/3/enabled = true
tracks/3/keys = PoolRealArray( 0, 1, 5.96046e-08, -4.84288e-08, -1.5134e-08, -0.345911, -0.0776209, 0.149521, 0.923019, 1, 1, 1, 1.58333, 1, 0, -1.08033e-07, 1.46683e-08, -0.345911, -0.0776209, 0.149521, 0.923019, 1, 1, 1 )
tracks/4/type = "transform"
tracks/4/path = NodePath("Armature/Skeleton:Minimo01.L")
tracks/4/interp = 1
tracks/4/loop_wrap = true
tracks/4/imported = false
tracks/4/enabled = true
tracks/4/keys = PoolRealArray( 0, 1, -0.000199936, 0.000930153, -0.000175893, -0.192485, -0.100242, -0.0172212, 0.976015, 1, 1, 1, 1.58333, 1, -0.000199925, 0.000930108, -0.000175809, -0.192485, -0.100242, -0.0172212, 0.976015, 1, 1, 1 )
tracks/5/type = "transform"
tracks/5/path = NodePath("Armature/Skeleton:Anelar03.L")
tracks/5/interp = 1
tracks/5/loop_wrap = true
tracks/5/imported = false
tracks/5/enabled = true
tracks/5/keys = PoolRealArray( 0, 1, -5.22705e-08, -2.79397e-08, 8.26549e-09, -0.424872, -0.0554207, 0.105008, 0.897433, 1, 1, 1, 1.58333, 1, 6.70552e-08, -8.75443e-08, 3.81842e-08, -0.424872, -0.0554207, 0.105008, 0.897433, 1, 1, 1 )
tracks/6/type = "transform"
tracks/6/path = NodePath("Armature/Skeleton:Anelar02.L")
tracks/6/interp = 1
tracks/6/loop_wrap = true
tracks/6/imported = false
tracks/6/enabled = true
tracks/6/keys = PoolRealArray( 0, 1, -5.1572e-08, -4.47035e-08, -1.58325e-08, -0.385696, -0.0675401, 0.0799231, 0.916673, 1, 1, 1, 1.58333, 1, 6.76373e-08, -6.33299e-08, 1.39698e-08, -0.385696, -0.0675401, 0.0799231, 0.916673, 1, 1, 1 )
tracks/7/type = "transform"
tracks/7/path = NodePath("Armature/Skeleton:Anelar01.L")
tracks/7/interp = 1
tracks/7/loop_wrap = true
tracks/7/imported = false
tracks/7/enabled = true
tracks/7/keys = PoolRealArray( 0, 1, 8.08989e-05, -0.000393324, -0.00163554, -0.0653989, -0.0623022, -0.0440505, 0.994938, 1, 1, 1, 1.58333, 1, 8.087e-05, -0.000393331, -0.00163554, -0.0653989, -0.0623022, -0.0440505, 0.994938, 1, 1, 1 )
tracks/8/type = "transform"
tracks/8/path = NodePath("Armature/Skeleton:Medio03.L")
tracks/8/interp = 1
tracks/8/loop_wrap = true
tracks/8/imported = false
tracks/8/enabled = true
tracks/8/keys = PoolRealArray( 0, 1, 6.33299e-08, 3.1665e-08, 1.49012e-08, -0.397647, -0.0104951, 0.140995, 0.90658, 1, 1, 1, 1.58333, 1, -5.57629e-08, 8.9407e-08, 7.567e-09, -0.397647, -0.0104951, 0.140995, 0.90658, 1, 1, 1 )
tracks/9/type = "transform"
tracks/9/path = NodePath("Armature/Skeleton:Medio02.L")
tracks/9/interp = 1
tracks/9/loop_wrap = true
tracks/9/imported = false
tracks/9/enabled = true
tracks/9/keys = PoolRealArray( 0, 1, 1.19093e-07, 1.86265e-08, -1.39698e-08, -0.435413, -0.0224258, 0.124202, 0.89134, 1, 1, 1, 1.58333, 1, -5.98375e-08, 0, 1.49012e-08, -0.435413, -0.0224258, 0.124202, 0.89134, 1, 1, 1 )
tracks/10/type = "transform"
tracks/10/path = NodePath("Armature/Skeleton:Medio01.L")
tracks/10/interp = 1
tracks/10/loop_wrap = true
tracks/10/imported = false
tracks/10/enabled = true
tracks/10/keys = PoolRealArray( 0, 1, 5.48642e-05, -0.000758693, -0.00155137, -0.102454, -0.00429377, -0.0242963, 0.994432, 1, 1, 1, 1.58333, 1, 5.48046e-05, -0.000758685, -0.00155137, -0.102454, -0.00429377, -0.0242963, 0.994432, 1, 1, 1 )
tracks/11/type = "transform"
tracks/11/path = NodePath("Armature/Skeleton:Indicador03.L")
tracks/11/interp = 1
tracks/11/loop_wrap = true
tracks/11/imported = false
tracks/11/enabled = true
tracks/11/keys = PoolRealArray( 0, 1, -3.72529e-09, -1.86265e-09, 3.72529e-09, -0.337354, 0.0795842, 0.0105755, 0.937948, 1, 1, 1, 1.58333, 1, -3.72529e-09, 5.96046e-08, -1.10595e-08, -0.337354, 0.0795842, 0.0105755, 0.937948, 1, 1, 1 )
tracks/12/type = "transform"
tracks/12/path = NodePath("Armature/Skeleton:Indicador02.L")
tracks/12/interp = 1
tracks/12/loop_wrap = true
tracks/12/imported = false
tracks/12/enabled = true
tracks/12/keys = PoolRealArray( 0, 1, -6.72881e-08, -7.45058e-08, -3.07336e-08, -0.476796, 0.0889511, -0.0375194, 0.873697, 1, 1, 1, 1.58333, 1, -7.45058e-09, -8.9407e-08, -3.07336e-08, -0.476796, 0.0889511, -0.0375194, 0.873697, 1, 1, 1 )
tracks/13/type = "transform"
tracks/13/path = NodePath("Armature/Skeleton:Indicador01.L")
tracks/13/interp = 1
tracks/13/loop_wrap = true
tracks/13/imported = false
tracks/13/enabled = true
tracks/13/keys = PoolRealArray( 0, 1, 4.34667e-05, -0.000923075, 0.000286454, -0.104165, 0.110862, -0.0219733, 0.988118, 1, 1, 1, 1.58333, 1, 4.34741e-05, -0.00092306, 0.000286456, -0.104165, 0.110862, -0.0219733, 0.988118, 1, 1, 1 )
tracks/14/type = "transform"
tracks/14/path = NodePath("Armature/Skeleton:Polegar03.L")
tracks/14/interp = 1
tracks/14/loop_wrap = true
tracks/14/imported = false
tracks/14/enabled = true
tracks/14/keys = PoolRealArray( 0, 1, 3.07336e-08, 2.79397e-08, -7.45058e-09, -0.0356279, -0.0752648, 0.201975, 0.975844, 1, 1, 1, 1.58333, 1, 1.49012e-08, 1.21072e-07, -6.70552e-08, -0.0356279, -0.0752648, 0.201975, 0.975844, 1, 1, 1 )
tracks/15/type = "transform"
tracks/15/path = NodePath("Armature/Skeleton:Polegar02.L")
tracks/15/interp = 1
tracks/15/loop_wrap = true
tracks/15/imported = false
tracks/15/enabled = true
tracks/15/keys = PoolRealArray( 0, 1, -4.65661e-10, -7.45058e-09, 1.49012e-08, -0.0874535, 0.0923936, 0.277029, 0.952402, 1, 1, 1, 1.58333, 1, -5.9139e-08, -1.49012e-08, -1.03377e-07, -0.0874536, 0.0923935, 0.27703, 0.952402, 1, 1, 1 )
tracks/16/type = "transform"
tracks/16/path = NodePath("Armature/Skeleton:Polegar01.L")
tracks/16/interp = 1
tracks/16/loop_wrap = true
tracks/16/imported = false
tracks/16/enabled = true
tracks/16/keys = PoolRealArray( 0, 1, -5.21541e-08, 4.84288e-08, -7.45058e-08, -0.0658212, 0.0212536, -0.218451, 0.973394, 1, 1, 1, 1.58333, 1, 1.86265e-08, -7.45058e-08, -9.49949e-08, -0.0658212, 0.0212537, -0.218451, 0.973394, 1, 1, 1 )
tracks/17/type = "transform"
tracks/17/path = NodePath("Armature/Skeleton:Mao.L")
tracks/17/interp = 1
tracks/17/loop_wrap = true
tracks/17/imported = false
tracks/17/enabled = true
tracks/17/keys = PoolRealArray( 0, 1, -2.98023e-08, 8.19564e-08, 2.51457e-08, 0.0249456, 0.000678336, -0.133491, 0.990736, 1, 1, 1, 0.0666667, 1, 5.21541e-08, 5.96046e-08, 2.42144e-08, 0.0231595, 0.00112647, -0.136363, 0.990388, 1, 1, 1, 0.133333, 1, -1.49012e-08, 5.96046e-08, -4.47035e-08, 0.018613, 0.00225841, -0.143589, 0.98946, 1, 1, 1, 0.2, 1, 4.84288e-08, 6.70552e-08, -1.11759e-08, 0.0115284, 0.00405634, -0.154643, 0.987895, 1, 1, 1, 0.333333, 1, -3.72529e-09, 6.70552e-08, 1.58325e-08, -0.00818752, 0.00986399, -0.183807, 0.982879, 1, 1, 1, 0.4, 1, 4.47035e-08, 4.47035e-08, 6.0536e-08, -0.0199255, 0.0143445, -0.199646, 0.97956, 1, 1, 1, 0.466667, 1, 2.98023e-08, 5.96046e-08, 4.65661e-09, -0.0320653, 0.0198824, -0.214621, 0.975969, 1, 1, 1, 0.8, 1, -7.45058e-09, 8.9407e-08, 2.14204e-08, -0.0857194, 0.0469399, -0.268933, 0.958188, 1, 1, 1, 0.866667, 1, 7.45058e-09, 6.70552e-08, 1.21072e-08, -0.0933044, 0.0488439, -0.27611, 0.955339, 1, 1, 1, 0.933333, 1, 4.47035e-08, 3.72529e-08, -3.72529e-09, -0.0992171, 0.0487554, -0.281586, 0.953147, 1, 1, 1, 1, 1, 8.19564e-08, 5.21541e-08, -1.11759e-08, -0.103447, 0.0466847, -0.285742, 0.951562, 1, 1, 1, 1.06667, 1, 2.98023e-08, 5.21541e-08, 4.19095e-08, -0.0996851, 0.0373356, -0.280207, 0.954019, 1, 1, 1, 1.13333, 1, 1.11759e-08, 2.98023e-08, -5.86733e-08, -0.0658402, 0.00838532, -0.237688, 0.969071, 1, 1, 1, 1.2, 1, 4.09782e-08, 5.21541e-08, -6.0536e-08, -0.0153361, -0.0167157, -0.179885, 0.983426, 1, 1, 1, 1.26667, 1, -1.86265e-08, 7.45058e-08, -2.79397e-09, 0.0205259, -0.0387805, -0.154782, 0.986974, 1, 1, 1, 1.33333, 1, 2.23517e-08, 5.96046e-08, 6.51926e-09, 0.0250073, -0.0569066, -0.175972, 0.982431, 1, 1, 1, 1.4, 1, 5.21541e-08, 5.96046e-08, 2.42144e-08, 0.00482429, -0.0649938, -0.248637, 0.966402, 1, 1, 1, 1.46667, 1, 3.35276e-08, 5.96046e-08, -4.56348e-08, -0.024014, -0.0514596, -0.318841, 0.946105, 1, 1, 1, 1.53333, 1, 4.84288e-08, 6.70552e-08, 5.4948e-08, -0.0456667, -0.0259426, -0.359123, 0.931811, 1, 1, 1, 1.58333, 1, 1.49012e-08, 2.98023e-08, -5.96046e-08, -0.0520635, -0.017531, -0.371147, 0.926948, 1, 1, 1 )
tracks/18/type = "transform"
tracks/18/path = NodePath("Armature/Skeleton:Radio.L")
tracks/18/interp = 1
tracks/18/loop_wrap = true
tracks/18/imported = false
tracks/18/enabled = true
tracks/18/keys = PoolRealArray( 0, 1, -1.62981e-08, -1.22935e-07, 1.19122e-07, 0.0018257, -8.02569e-05, -0.281425, 0.959582, 1, 1, 1, 0.0666667, 1, 2.00234e-08, -1.24797e-07, -9.54606e-08, 0.00179285, -7.7798e-05, -0.277734, 0.960656, 1, 1, 1, 0.133333, 1, -1.72295e-08, -8.56817e-08, -5.96337e-08, 0.00171211, -7.18647e-05, -0.268641, 0.963239, 1, 1, 1, 0.466667, 1, -9.77889e-09, -2.42144e-08, -1.19151e-07, 0.00105316, -3.13499e-05, -0.189247, 0.981929, 1, 1, 1, 0.533333, 1, -4.37722e-08, -1.04308e-07, -7.15954e-08, 0.000975385, -2.79275e-05, -0.178803, 0.983884, 1, 1, 1, 0.666667, 1, 2.79397e-09, -5.96046e-08, -5.96337e-08, 0.000882764, -2.38419e-05, -0.166338, 0.986068, 1, 1, 1, 0.733333, 1, -5.40167e-08, -4.47035e-08, -2.3836e-08, 0.000854726, -2.26462e-05, -0.162548, 0.9867, 1, 1, 1, 0.8, 1, 6.51926e-09, -8.3819e-08, -8.3528e-08, 0.000842565, -2.21265e-05, -0.160907, 0.986969, 1, 1, 1, 0.866667, 1, 2.23517e-08, -3.35276e-08, -3.57977e-08, 0.000850959, -2.24774e-05, -0.162039, 0.986784, 1, 1, 1, 0.933333, 1, -3.11993e-08, -3.91155e-08, -1.19209e-07, 0.000882179, -2.38364e-05, -0.166255, 0.986082, 1, 1, 1, 1, 1, -2.65427e-08, -6.51926e-08, -5.96337e-08, 0.000934949, -2.61332e-05, -0.173368, 0.984857, 1, 1, 1, 1.06667, 1, 1.07102e-08, 3.35276e-08, -8.33825e-08, 0.00108165, -3.25939e-05, -0.193067, 0.981185, 1, 1, 1, 1.2, 1, 2.79397e-09, -5.96046e-08, -7.15372e-08, 0.00201377, -9.47466e-05, -0.302397, 0.95318, 1, 1, 1, 1.26667, 1, -2.32831e-09, -5.02914e-08, -9.53733e-08, 0.00204571, -9.7134e-05, -0.305946, 0.952047, 1, 1, 1, 1.33333, 1, 4.19095e-09, -2.79397e-08, -1.1918e-07, 0.00184903, -8.19804e-05, -0.284042, 0.95881, 1, 1, 1, 1.46667, 1, -1.25729e-08, -6.33299e-08, -5.96337e-08, 0.000986904, -2.84374e-05, -0.180348, 0.983602, 1, 1, 1, 1.53333, 1, -1.49012e-08, -1.49012e-08, -5.95755e-08, 0.000787578, -1.97401e-05, -0.153455, 0.988155, 1, 1, 1, 1.58333, 1, -5.3551e-08, -3.91155e-08, 0, 0.000726872, -1.71164e-05, -0.145208, 0.989401, 1, 0.999999, 1 )
tracks/19/type = "transform"
tracks/19/path = NodePath("Armature/Skeleton:Cotovelo.L")
tracks/19/interp = 1
tracks/19/loop_wrap = true
tracks/19/imported = false
tracks/19/enabled = true
tracks/19/keys = PoolRealArray( 0, 1, -4.84288e-08, 1.19209e-07, 2.98023e-08, 0.00792366, -0.00817351, -0.281503, 0.959493, 1, 1, 1, 0.0666667, 1, -1.86265e-08, 8.9407e-08, 4.09782e-08, 0.00782563, -0.00806249, -0.277746, 0.960589, 1, 1, 1, 0.133333, 1, 1.86265e-08, 2.98023e-08, 1.67638e-08, 0.00758419, -0.00778919, -0.268495, 0.96322, 1, 1, 1, 0.466667, 1, -1.11759e-08, 5.96046e-08, 1.00583e-07, 0.00545041, -0.00542607, -0.188164, 0.982108, 1, 1, 1, 0.533333, 1, -2.98023e-08, 2.98023e-08, 5.40167e-08, 0.00516391, -0.00511946, -0.177665, 0.984064, 1, 1, 1, 0.666667, 1, -7.45058e-09, 5.96046e-08, 8.84756e-08, 0.00482217, -0.00475366, -0.16514, 0.986247, 1, 1, 1, 0.733333, 1, 3.72529e-09, 0, 2.98023e-08, 0.00471832, -0.00464247, -0.161332, 0.986878, 1, 1, 1, 0.8, 1, 0, 8.9407e-08, 1.35973e-07, 0.00467337, -0.00459435, -0.159685, 0.987146, 1, 1, 1, 0.866667, 1, 1.86265e-08, -2.98023e-08, 4.19095e-08, 0.00470435, -0.00462754, -0.160822, 0.986961, 1, 1, 1, 0.933333, 1, -2.6077e-08, 5.96046e-08, 7.72998e-08, 0.00481995, -0.00475122, -0.165057, 0.986261, 1, 1, 1, 1, 1, -1.49012e-08, 1.49012e-07, -9.03383e-08, 0.00501488, -0.00495995, -0.172204, 0.985036, 1, 1, 1, 1.06667, 1, -1.86265e-08, 5.96046e-08, 5.40167e-08, 0.00555546, -0.0055383, -0.192007, 0.981362, 1, 1, 1, 1.2, 1, -1.49012e-08, 2.98023e-08, 4.19095e-08, 0.00848126, -0.00880524, -0.302881, 0.95295, 1, 1, 1, 1.26667, 1, -7.45058e-09, 5.96046e-08, -1.86265e-08, 0.00857561, -0.00891217, -0.306499, 0.951791, 1, 1, 1, 1.33333, 1, -1.49012e-08, 1.19209e-07, 1.4808e-07, 0.00799317, -0.00825221, -0.284167, 0.958706, 1, 1, 1, 1.46667, 1, 1.86265e-08, 5.96046e-08, 1.67638e-08, 0.00520634, -0.00516486, -0.179219, 0.983782, 1, 1, 1, 1.53333, 1, -1.86265e-08, 5.96046e-08, -2.98023e-08, 0.00446915, -0.00437583, -0.152201, 0.98833, 1, 1, 1, 1.58333, 1, -3.35276e-08, 2.08616e-07, 8.84756e-08, 0.00424312, -0.00413409, -0.143922, 0.989571, 1, 1, 1 )
tracks/20/type = "transform"
tracks/20/path = NodePath("Armature/Skeleton:Umero.L")
tracks/20/interp = 1
tracks/20/loop_wrap = true
tracks/20/imported = false
tracks/20/enabled = true
tracks/20/keys = PoolRealArray( 0, 1, 2.98023e-08, 4.84288e-08, -5.21541e-08, 0.140685, -0.106577, -0.0905985, 0.980123, 1, 1, 1, 0.0666667, 1, 0, 2.42144e-08, -1.49012e-08, 0.141217, -0.104629, -0.090415, 0.980273, 1, 1, 1, 0.133333, 1, -1.49012e-08, -3.1665e-08, -3.72529e-08, 0.142574, -0.10014, -0.08992, 0.980591, 1, 1, 1, 0.2, 1, 0, 6.89179e-08, -2.98023e-08, 0.144684, -0.0941259, -0.0891304, 0.98095, 1, 1, 1, 0.266667, 1, 1.49012e-08, 3.72529e-09, -2.98023e-08, 0.147381, -0.0880571, -0.0881132, 0.981204, 1, 1, 1, 0.333333, 1, 0, -5.96046e-08, 0, 0.150481, -0.0832462, -0.0869168, 0.98126, 1, 1, 1, 0.4, 1, 0, 2.42144e-08, -1.49012e-08, 0.153912, -0.0817655, -0.0854793, 0.980978, 1, 1, 1, 0.466667, 1, -2.98023e-08, -5.02914e-08, -2.23517e-08, 0.157564, -0.0847825, -0.0836819, 0.980297, 1, 1, 1, 0.533333, 1, -1.49012e-08, -5.58794e-08, -3.72529e-08, 0.161457, -0.0941298, -0.0812325, 0.979016, 1, 1, 1, 0.6, 1, -2.98023e-08, 3.72529e-09, 0, 0.165465, -0.108219, -0.0773709, 0.977202, 1, 1, 1, 0.666667, 1, -1.49012e-08, -6.89179e-08, -3.72529e-08, 0.169375, -0.123698, -0.0713328, 0.975153, 1, 1, 1, 0.733333, 1, -1.49012e-08, -9.31323e-09, -3.72529e-08, 0.173058, -0.140515, -0.0620392, 0.972861, 1, 1, 1, 0.8, 1, 0, -1.17347e-07, 1.49012e-08, 0.176393, -0.158474, -0.0493517, 0.970225, 1, 1, 1, 0.866667, 1, 0, -2.98023e-08, -2.98023e-08, 0.17915, -0.177669, -0.0324345, 0.967102, 1, 1, 1, 0.933333, 1, -1.49012e-08, 7.26432e-08, -1.49012e-08, 0.181022, -0.19808, -0.0107319, 0.963265, 1, 1, 1, 1, 1, 0, -1.86265e-09, -7.45058e-09, 0.181735, -0.219538, 0.0157437, 0.958399, 1, 1, 1, 1.06667, 1, 0, -9.31323e-09, -3.72529e-08, 0.1789, -0.243643, 0.0580292, 0.951454, 1, 1, 1, 1.13333, 1, -1.49012e-08, -1.86265e-09, -1.49012e-08, 0.165831, -0.263018, 0.136582, 0.940567, 1, 1, 1, 1.2, 1, -2.98023e-08, -3.72529e-09, -3.72529e-08, 0.157573, -0.207454, 0.135404, 0.955929, 1, 1, 1, 1.26667, 1, -1.49012e-08, 0, 7.45058e-09, 0.195938, -0.0343433, -0.0346512, 0.979402, 1, 1, 1, 1.33333, 1, -1.49012e-08, 5.58794e-08, -3.72529e-08, 0.239143, 0.082559, -0.131304, 0.958517, 1, 1, 1, 1.4, 1, 0, 4.09782e-08, -3.72529e-08, 0.267469, 0.185449, -0.207413, 0.922523, 1, 1, 1, 1.46667, 1, -1.49012e-08, 3.72529e-08, -5.21541e-08, 0.267435, 0.233607, -0.247185, 0.901558, 1, 1, 1, 1.53333, 1, -1.49012e-08, -1.86265e-09, -1.49012e-08, 0.251904, 0.232166, -0.254006, 0.904502, 1, 1, 1, 1.58333, 1, -1.49012e-08, -1.86265e-09, -1.49012e-08, 0.246567, 0.230232, -0.255602, 0.906016, 1, 1, 1 )
tracks/21/type = "transform"
tracks/21/path = NodePath("Armature/Skeleton:Clavicula.L")
tracks/21/interp = 1
tracks/21/loop_wrap = true
tracks/21/imported = false
tracks/21/enabled = true
tracks/21/keys = PoolRealArray( 0, 1, -1.49012e-08, -2.98023e-08, 0, 2.6077e-08, -4.47035e-08, 1.77636e-15, 1, 1, 1, 1, 1.58333, 1, 0, -3.72529e-09, -5.96046e-08, 2.6077e-08, 1.11759e-08, 8.94069e-08, 1, 1, 1, 1 )
tracks/22/type = "transform"
tracks/22/path = NodePath("Armature/Skeleton:Costela.L")
tracks/22/interp = 1
tracks/22/loop_wrap = true
tracks/22/imported = false
tracks/22/enabled = true
tracks/22/keys = PoolRealArray( 0, 1, 1.19209e-07, 0, 0, -4.87891e-17, -2.91038e-09, -1.86264e-08, 1, 1, 1, 1, 1.58333, 1, -5.96046e-08, -1.49012e-08, 0, 1.11759e-08, 1.0943e-08, 0, 1, 1, 1, 1 )
tracks/23/type = "transform"
tracks/23/path = NodePath("Armature/Skeleton:Minimo03.R")
tracks/23/interp = 1
tracks/23/loop_wrap = true
tracks/23/imported = false
tracks/23/enabled = true
tracks/23/keys = PoolRealArray( 0, 1, 5.95464e-08, 0, 1.49012e-08, -0.336611, 0.0683358, -0.0478831, 0.937939, 1, 1, 1, 1.58333, 1, 2.98023e-08, -5.96046e-08, 0, -0.336611, 0.0683358, -0.0478831, 0.937939, 1, 1, 1 )
tracks/24/type = "transform"
tracks/24/path = NodePath("Armature/Skeleton:Minimo02.R")
tracks/24/interp = 1
tracks/24/loop_wrap = true
tracks/24/imported = false
tracks/24/enabled = true
tracks/24/keys = PoolRealArray( 0, 1, 5.96046e-08, 9.31323e-08, -8.19564e-08, -0.345911, 0.077621, -0.149521, 0.923019, 1, 1, 1, 1.58333, 1, 0, 4.47035e-08, -2.25846e-08, -0.345911, 0.077621, -0.149521, 0.923019, 1, 1, 1 )
tracks/25/type = "transform"
tracks/25/path = NodePath("Armature/Skeleton:Minimo01.R")
tracks/25/interp = 1
tracks/25/loop_wrap = true
tracks/25/imported = false
tracks/25/enabled = true
tracks/25/keys = PoolRealArray( 0, 1, 0.000200003, 0.000930101, -0.000175934, -0.192485, 0.100242, 0.0172212, 0.976015, 1, 1, 1, 1.58333, 1, 0.000200037, 0.000930086, -0.000175877, -0.192485, 0.100242, 0.0172212, 0.976015, 1, 1, 1 )
tracks/26/type = "transform"
tracks/26/path = NodePath("Armature/Skeleton:Anelar03.R")
tracks/26/interp = 1
tracks/26/loop_wrap = true
tracks/26/imported = false
tracks/26/enabled = true
tracks/26/keys = PoolRealArray( 0, 1, 6.32135e-08, -8.56817e-08, 2.23517e-08, -0.424872, 0.0554207, -0.105008, 0.897433, 1, 1, 1, 1.58333, 1, -2.61934e-08, -5.58794e-08, 2.23517e-08, -0.424872, 0.0554206, -0.105008, 0.897433, 1, 1, 1 )
tracks/27/type = "transform"
tracks/27/path = NodePath("Armature/Skeleton:Anelar02.R")
tracks/27/interp = 1
tracks/27/loop_wrap = true
tracks/27/imported = false
tracks/27/enabled = true
tracks/27/keys = PoolRealArray( 0, 1, -1.53668e-08, 1.37836e-07, -3.25963e-08, -0.385696, 0.06754, -0.0799231, 0.916673, 1, 1, 1, 1.58333, 1, 1.44355e-08, 1.04308e-07, -6.33299e-08, -0.385696, 0.06754, -0.0799231, 0.916673, 1, 1, 1 )
tracks/28/type = "transform"
tracks/28/path = NodePath("Armature/Skeleton:Anelar01.R")
tracks/28/interp = 1
tracks/28/loop_wrap = true
tracks/28/imported = false
tracks/28/enabled = true
tracks/28/keys = PoolRealArray( 0, 1, -8.08989e-05, -0.000393324, -0.00163554, -0.0653989, 0.0623022, 0.0440505, 0.994938, 1, 1, 1, 1.58333, 1, -8.09045e-05, -0.000393331, -0.00163564, -0.0653989, 0.0623022, 0.0440506, 0.994938, 1, 1, 1 )
tracks/29/type = "transform"
tracks/29/path = NodePath("Armature/Skeleton:Medio03.R")
tracks/29/interp = 1
tracks/29/loop_wrap = true
tracks/29/imported = false
tracks/29/enabled = true
tracks/29/keys = PoolRealArray( 0, 1, -7.45058e-09, 9.12696e-08, -1.49012e-08, -0.397647, 0.0104951, -0.140995, 0.90658, 1, 1, 1, 1.58333, 1, -7.45058e-09, 0, -4.45871e-08, -0.397647, 0.0104951, -0.140995, 0.90658, 1, 1, 1 )
tracks/30/type = "transform"
tracks/30/path = NodePath("Armature/Skeleton:Medio02.R")
tracks/30/interp = 1
tracks/30/loop_wrap = true
tracks/30/imported = false
tracks/30/enabled = true
tracks/30/keys = PoolRealArray( 0, 1, 4.85452e-08, 1.49012e-08, -3.07336e-08, -0.435413, 0.0224258, -0.124202, 0.89134, 1, 1, 1, 1.58333, 1, -7.08969e-08, -7.45058e-09, -7.35745e-08, -0.435413, 0.0224258, -0.124202, 0.89134, 1, 1, 1 )
tracks/31/type = "transform"
tracks/31/path = NodePath("Armature/Skeleton:Medio01.R")
tracks/31/interp = 1
tracks/31/loop_wrap = true
tracks/31/imported = false
tracks/31/enabled = true
