[gd_scene load_steps=25 format=2]

[ext_resource path="res://3D/Character Oficial/Bento/Bento Armadura.tres" type="ArrayMesh" id=1]
[ext_resource path="res://Scenes/Attacks/Clone/Clone.gd" type="Script" id=2]
[ext_resource path="res://addons/effekseer/src/EffekseerEmitter.gdns" type="Script" id=3]
[ext_resource path="res://Effects/Speed Up/Speed Plus.efkefc" type="Resource" id=4]

[sub_resource type="Skin" id=2]
resource_name = "Skin"
bind_count = 65
bind/0/name = "Root"
bind/0/bone = -1
bind/0/pose = Transform( 1, 0, 0, 0, 1, 0, 0, 0, 1, 0, -0.000900567, 0 )
bind/1/name = "Base"
bind/1/bone = -1
bind/1/pose = Transform( 1, 0, 0, 0, 1, 0, 0, 0, 1, 0, -0.688015, 0 )
bind/2/name = "Coluna01"
bind/2/bone = -1
bind/2/pose = Transform( 1, 0, 0, 0, 1, 0, 0, 0, 1, 0, -0.844064, 0 )
bind/3/name = "Pescoço"
bind/3/bone = -1
bind/3/pose = Transform( 1, 0, 0, 0, 1, 0, 0, 0, 1, 0, -1.10176, 0 )
bind/4/name = "Cabeça"
bind/4/bone = -1
bind/4/pose = Transform( 1, 0, 0, 0, 1, 0, 0, 0, 1, 0, -1.18194, 0 )
bind/5/name = "Clavicula.L"
bind/5/bone = -1
bind/5/pose = Transform( 0.543665, -0.0407401, 0.838313, 0.838313, 0.0748418, -0.540027, -0.0407401, 0.996363, 0.0748418, -0.0591702, -0.0770963, -1.0492 )
bind/6/name = "Umero.L"
bind/6/bone = -1
bind/6/pose = Transform( 0.0302944, -7.51487e-08, 0.999541, 0.999541, -2.00844e-08, -0.0302942, 1.52335e-08, 1, 1.3371e-07, 0.00363873, -0.203754, -1.06209 )
bind/7/name = "Cotovelo.L"
bind/7/bone = -1
bind/7/pose = Transform( 0.0500752, -0.0134225, 0.998655, 0.998426, 0.0259643, -0.0497146, -0.025262, 0.999573, 0.0147016, 0.0079581, -0.529208, -1.04869 )
bind/8/name = "Radio.L"
bind/8/bone = -1
bind/8/pose = Transform( -0.0589454, -6.80879e-08, 0.998261, 0.998261, -2.88693e-10, 0.0589456, -1.3154e-08, 1, 1.2797e-07, 0.0502771, -0.516999, -1.06254 )
bind/9/name = "Mao.L"
bind/9/bone = -1
bind/9/pose = Transform( 0.0627904, -7.77627e-08, 0.998027, 0.998027, -1.31765e-08, -0.0627903, 8.60451e-09, 1, 1.36765e-07, -0.0292524, -0.652724, -1.06254 )
bind/10/name = "Minimo01.L"
bind/10/bone = -1
bind/10/pose = Transform( 0.30849, 0.0683583, 0.948768, 0.948768, -0.0937893, -0.301732, 0.0683584, 0.993242, -0.0937892, -0.246512, -0.617969, -1.11448 )
bind/11/name = "Minimo02.L"
bind/11/bone = -1
bind/11/pose = Transform( 0.311212, 0.13411, 0.94083, 0.94083, -0.183183, -0.2851, 0.13411, 0.973888, -0.183183, -0.319014, -0.550857, -1.15072 )
bind/12/name = "Minimo03.L"
bind/12/bone = -1
bind/12/pose = Transform( 0.348417, 0.142442, 0.926453, 0.926453, -0.202531, -0.317278, 0.142442, 0.968861, -0.202531, -0.358288, -0.540794, -1.15339 )
bind/13/name = "Anelar01.L"
bind/13/bone = -1
bind/13/pose = Transform( 0.291161, -7.64118e-08, 0.956674, 0.956674, -2.6485e-08, -0.291161, 3.81569e-08, 1, 1.25373e-07, -0.189832, -0.723852, -1.06254 )
bind/14/name = "Anelar02.L"
bind/14/bone = -1
bind/14/pose = Transform( 0.314931, 0.191712, 0.929551, 0.929551, -0.260129, -0.261281, 0.191712, 0.94635, -0.260129, -0.413382, -0.466719, -1.16733 )
bind/15/name = "Anelar03.L"
bind/15/bone = -1
bind/15/pose = Transform( 0.375649, 0.219324, 0.900436, 0.900436, -0.316309, -0.298604, 0.219325, 0.922955, -0.316309, -0.493013, -0.40762, -1.16757 )
bind/16/name = "Medio01.L"
bind/16/bone = -1
bind/16/pose = Transform( 0.124762, -7.78127e-08, 0.992187, 0.992187, -1.68387e-08, -0.124761, 1.69864e-08, 1, 1.35087e-07, -0.0886589, -0.747012, -1.06254 )
bind/17/name = "Medio02.L"
bind/17/bone = -1
bind/17/pose = Transform( 0.153185, 0.220682, 0.963241, 0.963241, -0.251024, -0.0956746, 0.220682, 0.942489, -0.251023, -0.346124, -0.502397, -1.18014 )
bind/18/name = "Medio03.L"
bind/18/bone = -1
bind/18/pose = Transform( 0.212898, 0.26832, 0.93951, 0.93951, -0.320275, -0.121429, 0.26832, 0.908531, -0.320275, -0.445707, -0.432951, -1.1842 )
bind/19/name = "Indicador01.L"
bind/19/bone = -1
bind/19/pose = Transform( -0.149504, -7.53256e-08, 0.988761, 0.988761, -3.55085e-10, 0.149504, -2.03391e-08, 1, 1.34515e-07, 0.0934418, -0.746044, -1.06254 )
bind/20/name = "Indicador02.L"
bind/20/bone = -1
bind/20/pose = Transform( -0.0700283, 0.292568, 0.953677, 0.953677, -0.260755, 0.150022, 0.292567, 0.920006, -0.260755, -0.279631, -0.483986, -1.20318 )
bind/21/name = "Indicador03.L"
bind/21/bone = -1
bind/21/pose = Transform( 0.0045476, 0.363617, 0.931537, 0.931537, -0.340271, 0.128274, 0.363617, 0.867178, -0.340271, -0.414856, -0.403277, -1.20296 )
bind/22/name = "Polegar01.L"
bind/22/bone = -1
bind/22/pose = Transform( -0.509676, -0.677223, 0.530659, 0.530659, 0.238048, 0.81347, -0.677223, 0.696205, 0.238048, 1.06074, -0.622633, -0.261106 )
bind/23/name = "Polegar02.L"
bind/23/bone = -1
bind/23/pose = Transform( -0.716312, -0.0127592, 0.697663, 0.697663, 0.00518653, 0.716407, -0.0127592, 0.999905, 0.00518647, 0.500193, -0.527225, -1.04766 )
bind/24/name = "Polegar03.L"
bind/24/bone = -1
bind/24/pose = Transform( -0.353069, 0.251688, 0.901108, 0.901107, -0.167617, 0.399887, 0.251688, 0.953183, -0.167618, -0.0553156, -0.502142, -1.18241 )
bind/25/name = "Costela.L"
bind/25/bone = -1
bind/25/pose = Transform( 0.409316, -0.911102, 0.0485216, 0.0485207, 0.0748418, 0.996014, -0.911102, -0.40533, 0.0748412, 0.794774, 0.0206539, 0.545938 )
bind/26/name = "Clavicula.R"
bind/26/bone = -1
bind/26/pose = Transform( 0.543665, 0.0407401, -0.838313, -0.838313, 0.0748418, -0.540027, 0.0407401, 0.996363, 0.0748418, 0.0591702, -0.0770963, -1.0492 )
bind/27/name = "Umero.R"
bind/27/bone = -1
bind/27/pose = Transform( 0.0302944, 7.51487e-08, -0.999541, -0.999541, -2.00844e-08, -0.0302942, -1.52335e-08, 1, 1.3371e-07, -0.00363873, -0.203754, -1.06209 )
bind/28/name = "Cotovelo.R"
bind/28/bone = -1
bind/28/pose = Transform( 0.0500752, 0.0134225, -0.998655, -0.998426, 0.0259643, -0.0497146, 0.025262, 0.999573, 0.0147016, -0.0079581, -0.529208, -1.04869 )
bind/29/name = "Radio.R"
bind/29/bone = -1
bind/29/pose = Transform( -0.0589454, 6.80879e-08, -0.998261, -0.998261, -2.88693e-10, 0.0589456, 1.3154e-08, 1, 1.2797e-07, -0.0502771, -0.516999, -1.06254 )
bind/30/name = "Mao.R"
bind/30/bone = -1
bind/30/pose = Transform( 0.0627904, 7.77627e-08, -0.998027, -0.998027, -1.31765e-08, -0.0627903, -8.60451e-09, 1, 1.36765e-07, 0.0292524, -0.652724, -1.06254 )
bind/31/name = "Minimo01.R"
bind/31/bone = -1
bind/31/pose = Transform( 0.30849, -0.0683583, -0.948768, -0.948768, -0.0937893, -0.301732, -0.0683584, 0.993242, -0.0937892, 0.246512, -0.617969, -1.11448 )
bind/32/name = "Minimo02.R"
bind/32/bone = -1
bind/32/pose = Transform( 0.311212, -0.13411, -0.94083, -0.94083, -0.183183, -0.2851, -0.13411, 0.973888, -0.183183, 0.319014, -0.550857, -1.15072 )
bind/33/name = "Minimo03.R"
bind/33/bone = -1
bind/33/pose = Transform( 0.348417, -0.142442, -0.926453, -0.926453, -0.202531, -0.317278, -0.142442, 0.968861, -0.202531, 0.358288, -0.540794, -1.15339 )
bind/34/name = "Anelar01.R"
bind/34/bone = -1
bind/34/pose = Transform( 0.291161, 7.64118e-08, -0.956674, -0.956674, -2.6485e-08, -0.291161, -3.81569e-08, 1, 1.25373e-07, 0.189832, -0.723852, -1.06254 )
bind/35/name = "Anelar02.R"
bind/35/bone = -1
bind/35/pose = Transform( 0.314931, -0.191712, -0.929551, -0.929551, -0.260129, -0.261281, -0.191712, 0.94635, -0.260129, 0.413382, -0.466719, -1.16733 )
bind/36/name = "Anelar03.R"
bind/36/bone = -1
bind/36/pose = Transform( 0.375649, -0.219324, -0.900436, -0.900436, -0.316309, -0.298604, -0.219325, 0.922955, -0.316309, 0.493013, -0.40762, -1.16757 )
bind/37/name = "Medio01.R"
bind/37/bone = -1
bind/37/pose = Transform( 0.124762, 7.78127e-08, -0.992187, -0.992187, -1.68387e-08, -0.124761, -1.69864e-08, 1, 1.35087e-07, 0.0886589, -0.747012, -1.06254 )
bind/38/name = "Medio02.R"
bind/38/bone = -1
bind/38/pose = Transform( 0.153185, -0.220682, -0.963241, -0.963241, -0.251024, -0.0956746, -0.220682, 0.942489, -0.251023, 0.346124, -0.502397, -1.18014 )
bind/39/name = "Medio03.R"
bind/39/bone = -1
bind/39/pose = Transform( 0.212898, -0.26832, -0.93951, -0.93951, -0.320275, -0.121429, -0.26832, 0.908531, -0.320275, 0.445707, -0.432951, -1.1842 )
bind/40/name = "Indicador01.R"
bind/40/bone = -1
bind/40/pose = Transform( -0.149504, 7.53256e-08, -0.988761, -0.988761, -3.55085e-10, 0.149504, 2.03391e-08, 1, 1.34515e-07, -0.0934418, -0.746044, -1.06254 )
bind/41/name = "Indicador02.R"
bind/41/bone = -1
bind/41/pose = Transform( -0.0700283, -0.292568, -0.953677, -0.953677, -0.260755, 0.150022, -0.292567, 0.920006, -0.260755, 0.279631, -0.483986, -1.20318 )
bind/42/name = "Indicador03.R"
bind/42/bone = -1
bind/42/pose = Transform( 0.0045476, -0.363617, -0.931537, -0.931537, -0.340271, 0.128274, -0.363617, 0.867178, -0.340271, 0.414856, -0.403277, -1.20296 )
bind/43/name = "Polegar01.R"
bind/43/bone = -1
bind/43/pose = Transform( -0.509676, 0.677223, -0.530659, -0.530659, 0.238048, 0.81347, 0.677223, 0.696205, 0.238048, -1.06074, -0.622633, -0.261106 )
bind/44/name = "Polegar02.R"
bind/44/bone = -1
bind/44/pose = Transform( -0.716312, 0.0127592, -0.697663, -0.697663, 0.00518653, 0.716407, 0.0127592, 0.999905, 0.00518647, -0.500193, -0.527225, -1.04766 )
bind/45/name = "Polegar03.R"
bind/45/bone = -1
bind/45/pose = Transform( -0.353069, -0.251688, -0.901108, -0.901107, -0.167617, 0.399887, -0.251688, 0.953183, -0.167618, 0.0553156, -0.502142, -1.18241 )
bind/46/name = "Costela.R"
bind/46/bone = -1
bind/46/pose = Transform( 0.409316, 0.911102, -0.0485216, -0.0485207, 0.0748418, 0.996014, 0.911102, -0.40533, 0.0748412, -0.794774, 0.0206539, 0.545938 )
bind/47/name = "Crista.L"
bind/47/bone = -1
bind/47/pose = Transform( -0.521542, -0.763587, 0.380695, 0.380695, 0.191052, 0.904749, -0.763587, 0.616793, 0.191052, 0.633438, -0.0615423, -0.358843 )
bind/48/name = "Femur.L"
bind/48/bone = -1
bind/48/pose = Transform( 0.999984, -0.0044973, -0.00354021, -0.00354031, -0.972035, 0.234809, -0.00449731, -0.234793, -0.972038, -0.122363, 0.683564, 0.15263 )
bind/49/name = "Fibula.L"
bind/49/bone = -1
bind/49/pose = Transform( 1, -2.00003e-08, 9.42944e-08, -3.60295e-08, -0.977986, -0.208672, -7.07293e-09, 0.208671, -0.977988, -0.124506, 0.436821, -0.0408556 )
bind/50/name = "Pe01.L"
bind/50/bone = -1
bind/50/pose = Transform( 1, -5.4448e-09, -3.87513e-09, 8.06061e-08, -0.579847, 0.814727, -8.09403e-08, -0.814725, -0.579849, -0.124506, 0.104436, 0.138499 )
bind/51/name = "Pe02.L"
bind/51/bone = -1
bind/51/pose = Transform( 1, 2.32773e-08, 5.48897e-09, 1.02669e-07, -0.229512, 0.973308, -1.44318e-08, -0.973306, -0.229513, -0.124506, -0.125725, 0.0983227 )
bind/52/name = "Crista.R"
bind/52/bone = -1
bind/52/pose = Transform( -0.521542, 0.763587, -0.380695, -0.380695, 0.191052, 0.904749, 0.763587, 0.616793, 0.191052, -0.633438, -0.0615423, -0.358843 )
bind/53/name = "Femur.R"
bind/53/bone = -1
bind/53/pose = Transform( 0.999984, 0.0044973, 0.00354021, 0.00354031, -0.972035, 0.234809, 0.00449731, -0.234793, -0.972038, 0.122363, 0.683564, 0.15263 )
bind/54/name = "Fibula.R"
bind/54/bone = -1
bind/54/pose = Transform( 1, 2.00003e-08, -9.42944e-08, 3.60295e-08, -0.977986, -0.208672, 7.07293e-09, 0.208671, -0.977988, 0.124506, 0.436821, -0.0408556 )
bind/55/name = "Pe01.R"
bind/55/bone = -1
bind/55/pose = Transform( 1, 5.4448e-09, 3.87513e-09, -8.06061e-08, -0.579847, 0.814727, 8.09403e-08, -0.814725, -0.579849, 0.124506, 0.104436, 0.138499 )
bind/56/name = "Pe02.R"
bind/56/bone = -1
bind/56/pose = Transform( 1, -2.32773e-08, -5.48897e-09, -1.02669e-07, -0.229512, 0.973308, 1.44318e-08, -0.973306, -0.229513, 0.124506, -0.125725, 0.0983227 )
bind/57/name = "HAND_IK.L"
bind/57/bone = -1
bind/57/pose = Transform( 0, 4.37114e-08, 1, 1, 0, 0, 0, 1, -4.37114e-08, 0.01179, -0.653273, -1.06254 )
bind/58/name = "ARM_ROT.L"
bind/58/bone = -1
bind/58/pose = Transform( 1, 0, 0, 0, 0, -1, 0, 1, 0, -0.487026, -0.428322, -1.06209 )
bind/59/name = "PE_IK.L"
bind/59/bone = -1
bind/59/pose = Transform( 1, 0, 0, 0, 0.0266882, -0.999644, 0, 0.999644, 0.0266883, -0.124506, -0.00941849, -0.173214 )
bind/60/name = "LEG_ROT.L"
bind/60/bone = -1
bind/60/pose = Transform( -1, 8.74228e-08, 0, 0, 0, 1, 8.74228e-08, 1, 0, 0.124506, -0.585307, -0.547408 )
bind/61/name = "HAND_IK.R"
bind/61/bone = -1
bind/61/pose = Transform( 0, -4.37114e-08, -1, -1, 0, 0, 0, 1, -4.37114e-08, -0.01179, -0.653273, -1.06254 )
bind/62/name = "ARM_ROT.R"
bind/62/bone = -1
bind/62/pose = Transform( 1, 0, 0, 0, 0, -1, 0, 1, 0, 0.487026, -0.428322, -1.06209 )
bind/63/name = "PE_IK.R"
bind/63/bone = -1
bind/63/pose = Transform( 1, 0, 0, 0, 0.0266882, -0.999644, 0, 0.999644, 0.0266883, 0.124506, -0.00941849, -0.173214 )
bind/64/name = "LEG_ROT.R"
bind/64/bone = -1
bind/64/pose = Transform( -1, 8.74228e-08, 0, 0, 0, 1, 8.74228e-08, 1, 0, -0.124506, -0.585307, -0.547408 )

[sub_resource type="Shader" id=19]
code = "shader_type spatial;
render_mode unshaded;

uniform sampler2D texture_image;

uniform mediump vec4 line_color : hint_color = vec4(0.0, 1.0, 0.0, 1.0);
uniform mediump float line_width : hint_range(0, 1) = 0.005;
uniform mediump float line_blur : hint_range(0, 1) = 0.2;
uniform mediump float line_speed : hint_range(-1, 1) = 0.02;
uniform  bool straight_lines = true;

uniform mediump float interrupt_width : hint_range(0, 1) = 0.5;
uniform mediump float interrupt_blur : hint_range(0, 1) = 0.25;
uniform mediump float interrupt_speed : hint_range(-1, 1) = 0.2;

uniform mediump vec4 glow_color : hint_color = vec4(0.5, 0.75, 1.0, 1.0);
uniform lowp float glow_itensity : hint_range(0, 20) = 4.5;
uniform lowp float glow_amount : hint_range(0, 20) = 4.5;
uniform lowp float flickering : hint_range(0, 1) = 0.55;

vec3 fresnel_glow(float amount, float intensity, vec3 color, vec3 normal, vec3 view) {
	return pow((1.0 - dot(normalize(normal), normalize(view))), amount) * color * intensity;
}

void fragment () {
	vec2 canvas;
	if (straight_lines) {
			canvas = SCREEN_UV;
	} else {
		canvas = vec2(VIEW.x, VIEW.y);
	}
	vec2 lines = vec2(clamp(sin((TIME * line_speed + canvas.y) / line_width), line_blur, 1.0 - line_blur), canvas.x);
	vec2 interupts = vec2(clamp(sin((TIME * interrupt_speed + canvas.y) / interrupt_width * 3.0), interrupt_blur, 1.0 - interrupt_blur), canvas.x);
	
	float flicker = clamp(fract(cos(TIME) * 43758.5453123), flickering, 1.0);
	vec4 imgtex = flicker * line_color * texture(texture_image, lines * interupts);
	vec3 imgtex_color = vec3(imgtex.r, imgtex.g, imgtex.b);
	vec3 fresnel_color = vec3(glow_color.r, glow_color.g, glow_color.b);
	vec3 fresnel = fresnel_glow(glow_amount, glow_itensity, fresnel_color, NORMAL, VIEW);
	ALBEDO = imgtex_color + fresnel;
	
	//ALBEDO = vec3(imgtex.r, imgtex.g, imgtex.b);
	EMISSION = glow_amount * vec3(glow_color.r, glow_color.g, glow_color.b);
	ALPHA = lines.x * interupts.x;
}"

[sub_resource type="ShaderMaterial" id=20]
shader = SubResource( 19 )
shader_param/line_color = Color( 1, 1, 1, 1 )
shader_param/line_width = 0.005
shader_param/line_blur = 0.2
shader_param/line_speed = 0.02
shader_param/straight_lines = true
shader_param/interrupt_width = 0.5
shader_param/interrupt_blur = 0.25
shader_param/interrupt_speed = 0.2
shader_param/glow_color = Color( 0.5, 0.75, 1, 1 )
shader_param/glow_itensity = 4.5
shader_param/glow_amount = 4.5
shader_param/flickering = 0.358

[sub_resource type="Animation" id=3]
resource_name = "Attack01"
length = 2.08333
tracks/0/type = "transform"
tracks/0/path = NodePath("../Skeleton:Cabeça")
tracks/0/interp = 1
tracks/0/loop_wrap = true
tracks/0/imported = false
tracks/0/enabled = true
tracks/0/keys = PoolRealArray( 0, 1, -9.31323e-10, 1.19209e-07, 0, 0, 0, 0, 1, 1, 1, 1, 0.0666667, 1, 0, 0, 0, 0, 0, 0, 1, 1, 1, 1, 0.133333, 1, -1.37516e-10, 1.49012e-08, 7.53062e-10, -0.00093388, -0.000337169, -0.000115204, 1, 1, 1, 1, 0.2, 1, 2.18292e-12, 4.47035e-08, -2.69283e-09, -0.0145184, -0.00591596, -0.00184242, 0.999875, 1, 1, 1, 0.266667, 1, 1.55996e-09, 5.21541e-08, 4.49945e-09, -0.0423666, -0.021617, -0.0057085, 0.998852, 1, 1, 1, 0.333333, 1, -3.72529e-09, -3.72529e-08, 3.37604e-09, -0.0742642, -0.0478751, -0.0107679, 0.996031, 1, 1, 1, 0.4, 1, 1.15484e-08, 5.96046e-08, -1.2666e-08, -0.0990436, -0.0880766, -0.0162088, 0.991045, 1, 1, 1, 0.466667, 1, -3.1665e-09, -4.47035e-08, 2.71481e-08, -0.105595, -0.141609, -0.0211339, 0.984048, 1, 1, 1, 0.533333, 1, 4.47035e-09, -4.47035e-08, -2.32834e-10, -0.0619963, -0.207305, -0.0249748, 0.975991, 1, 1, 1, 0.6, 1, -5.58801e-10, 5.21541e-08, 4.84289e-09, 0.0175509, -0.268765, -0.0274714, 0.962654, 1, 1, 1, 0.666667, 1, 2.79397e-09, 3.72529e-08, 4.65661e-10, 0.0873309, -0.310107, -0.0286533, 0.946248, 1, 1, 1, 0.733333, 1, 3.72532e-10, 1.49012e-08, 1.67641e-09, 0.102836, -0.31694, -0.0286319, 0.942419, 1, 1, 1, 0.8, 1, -1.76951e-09, -2.98023e-08, 1.38767e-08, 0.102805, -0.309498, -0.0273823, 0.94493, 1, 1, 1, 0.866667, 1, 8.3819e-10, 5.21541e-08, -3.79514e-09, 0.102494, -0.29468, -0.024898, 0.949757, 1, 1, 1, 1.06667, 1, -4.47035e-09, 2.98023e-08, -4.47035e-09, 0.0968366, -0.224223, -0.0131582, 0.969626, 1, 1, 1, 1.13333, 1, -2.93367e-09, -8.9407e-08, 4.37722e-09, 0.0924734, -0.198134, -0.00883992, 0.975763, 1, 1, 1, 1.2, 1, -3.25962e-10, -5.21541e-08, 4.65659e-10, 0.0864236, -0.17392, -0.00484384, 0.980948, 1, 1, 1, 1.26667, 1, -1.37188e-09, -1.04308e-07, -5.84987e-10, 0.0784479, -0.153684, -0.00151073, 0.985, 1, 1, 1, 1.33333, 1, -3.92902e-10, -5.96046e-08, -2.32831e-10, 0.0685023, -0.13881, 0.000938282, 0.987947, 1, 1, 1, 1.4, 1, -2.05437e-09, -3.72529e-08, 5.60576e-10, 0.0559953, -0.13239, 0.00200463, 0.989613, 1, 1, 1, 1.46667, 1, 2.89292e-09, -2.23517e-08, 2.57933e-10, 0.040693, -0.132339, 0.00180313, 0.990367, 1, 1, 1, 1.6, 1, -2.64263e-09, -5.21541e-08, 1.13505e-10, 0.00122879, -0.138324, -0.00134032, 0.990385, 1, 1, 1, 1.8, 1, -1.76951e-09, -7.45058e-09, -8.94071e-09, -0.0632094, -0.152758, -0.00922693, 0.986197, 1, 1, 1, 1.86667, 1, 4.65661e-10, 2.98023e-08, -1.96975e-08, -0.0815299, -0.157379, -0.0118067, 0.984096, 1, 1, 1, 1.93333, 1, -8.38187e-10, -3.72529e-08, 1.22469e-08, -0.0963257, -0.161237, -0.0139775, 0.982104, 1, 1, 1, 2, 1, -9.54606e-09, -7.45058e-09, 1.33878e-09, -0.106935, -0.164073, -0.0155827, 0.980511, 1, 1, 1, 2.06667, 1, 4.56348e-09, 6.70552e-08, -3.25963e-09, -0.111457, -0.165311, -0.0162852, 0.979788, 1, 1, 1, 2.08333, 1, 4.19095e-09, 4.47035e-08, -1.86265e-09, -0.111979, -0.165455, -0.0163672, 0.979703, 1, 1, 1 )
tracks/1/type = "transform"
tracks/1/path = NodePath("../Skeleton:Pescoço")
tracks/1/interp = 1
tracks/1/loop_wrap = true
tracks/1/imported = false
tracks/1/enabled = true
tracks/1/keys = PoolRealArray( 0, 1, -9.31323e-10, 0, 0, 0, 0, 0, 1, 1, 1, 1, 2.08333, 1, 1.11759e-08, 8.9407e-08, -1.83936e-08, -3.49246e-09, -7.91624e-09, -2.32831e-09, 1, 1, 1, 1 )
tracks/2/type = "transform"
tracks/2/path = NodePath("../Skeleton:Minimo03.L")
tracks/2/interp = 1
tracks/2/loop_wrap = true
tracks/2/imported = false
tracks/2/enabled = true
tracks/2/keys = PoolRealArray( 0, 1, 1.86265e-08, 3.91155e-08, -6.70261e-08, -0.336611, -0.0683358, 0.0478831, 0.937939, 1, 1, 1, 2.08333, 1, 4.47617e-08, 7.07805e-08, -3.69619e-09, -0.336611, -0.0683359, 0.0478831, 0.937939, 1, 1, 1 )
tracks/3/type = "transform"
tracks/3/path = NodePath("../Skeleton:Minimo02.L")
tracks/3/interp = 1
tracks/3/loop_wrap = true
tracks/3/imported = false
tracks/3/enabled = true
tracks/3/keys = PoolRealArray( 0, 1, -3.5423e-08, 5.21541e-08, 7.38073e-08, -0.345911, -0.077621, 0.149521, 0.923019, 1, 1, 1, 2.08333, 1, 7.4142e-09, 7.45058e-08, 1.18511e-07, -0.345911, -0.077621, 0.149521, 0.923019, 1, 1, 1 )
tracks/4/type = "transform"
tracks/4/path = NodePath("../Skeleton:Minimo01.L")
tracks/4/interp = 1
tracks/4/loop_wrap = true
tracks/4/imported = false
tracks/4/enabled = true
tracks/4/keys = PoolRealArray( 0, 1, 8.99937e-05, 0.000898294, -0.000347932, -0.296805, -0.0517645, -0.161168, 0.939815, 1, 1, 1, 2.08333, 1, 9.00608e-05, 0.000898249, -0.000347993, -0.296805, -0.0517645, -0.161168, 0.939815, 1, 1, 1 )
tracks/5/type = "transform"
tracks/5/path = NodePath("../Skeleton:Anelar03.L")
tracks/5/interp = 1
tracks/5/loop_wrap = true
tracks/5/imported = false
tracks/5/enabled = true
tracks/5/keys = PoolRealArray( 0, 1, 9.87202e-08, 9.68575e-08, 9.53441e-08, -0.424872, -0.0554207, 0.105008, 0.897433, 1, 1, 1, 2.08333, 1, -3.72529e-08, 9.68575e-08, 8.78936e-08, -0.424872, -0.0554206, 0.105008, 0.897433, 1, 1, 1 )
tracks/6/type = "transform"
tracks/6/path = NodePath("../Skeleton:Anelar02.L")
tracks/6/interp = 1
tracks/6/loop_wrap = true
tracks/6/imported = false
tracks/6/enabled = true
tracks/6/keys = PoolRealArray( 0, 1, 6.68224e-08, 4.47035e-08, -1.67638e-08, -0.385696, -0.0675401, 0.0799231, 0.916673, 1, 1, 1, 2.08333, 1, -1.5134e-08, 1.86265e-08, -3.1665e-08, -0.385696, -0.06754, 0.0799231, 0.916673, 1, 1, 1 )
tracks/7/type = "transform"
tracks/7/path = NodePath("../Skeleton:Anelar01.L")
tracks/7/interp = 1
tracks/7/loop_wrap = true
tracks/7/imported = false
tracks/7/enabled = true
tracks/7/keys = PoolRealArray( 0, 1, -4.43971e-05, -0.000774518, -0.00149478, -0.188898, -0.0492381, -0.10594, 0.975023, 1, 1, 1, 2.08333, 1, -4.43682e-05, -0.00077451, -0.00149482, -0.188898, -0.0492381, -0.10594, 0.975023, 1, 1, 1 )
tracks/8/type = "transform"
tracks/8/path = NodePath("../Skeleton:Medio03.L")
tracks/8/interp = 1
tracks/8/loop_wrap = true
tracks/8/imported = false
tracks/8/enabled = true
tracks/8/keys = PoolRealArray( 0, 1, 5.19212e-08, 5.21541e-08, 2.06521e-07, -0.397647, -0.0104952, 0.140995, 0.90658, 1, 1, 1, 2.08333, 1, -5.61122e-08, -3.35276e-08, 1.54367e-07, -0.397647, -0.0104951, 0.140995, 0.90658, 1, 1, 1 )
tracks/9/type = "transform"
tracks/9/path = NodePath("../Skeleton:Medio02.L")
tracks/9/interp = 1
tracks/9/loop_wrap = true
tracks/9/imported = false
tracks/9/enabled = true
tracks/9/keys = PoolRealArray( 0, 1, -4.24916e-08, 5.96046e-08, -3.81842e-08, -0.435413, -0.0224258, 0.124201, 0.89134, 1, 1, 1, 2.08333, 1, 1.234e-08, 5.96046e-08, -3.35276e-08, -0.435413, -0.0224258, 0.124202, 0.89134, 1, 1, 1 )
tracks/10/type = "transform"
tracks/10/path = NodePath("../Skeleton:Medio01.L")
tracks/10/interp = 1
tracks/10/loop_wrap = true
tracks/10/imported = false
tracks/10/enabled = true
tracks/10/keys = PoolRealArray( 0, 1, 9.90108e-05, -0.000979468, -0.00141996, -0.176651, -0.0113428, -0.00449702, 0.984198, 1, 1, 1, 2.08333, 1, 9.90517e-05, -0.000979461, -0.00141999, -0.176651, -0.0113428, -0.00449702, 0.984198, 1, 1, 1 )
tracks/11/type = "transform"
tracks/11/path = NodePath("../Skeleton:Indicador03.L")
tracks/11/interp = 1
tracks/11/loop_wrap = true
tracks/11/imported = false
tracks/11/enabled = true
tracks/11/keys = PoolRealArray( 0, 1, -3.72529e-08, 5.7742e-08, 2.98023e-08, -0.337354, 0.0795842, 0.0105755, 0.937948, 1, 1, 1, 2.08333, 1, 1.86265e-08, -4.28408e-08, 2.98023e-08, -0.337354, 0.0795841, 0.0105755, 0.937948, 1, 1, 1 )
tracks/12/type = "transform"
tracks/12/path = NodePath("../Skeleton:Indicador02.L")
tracks/12/interp = 1
tracks/12/loop_wrap = true
tracks/12/imported = false
tracks/12/enabled = true
tracks/12/keys = PoolRealArray( 0, 1, 8.87085e-08, -4.47035e-08, 6.23986e-08, -0.476796, 0.0889512, -0.0375194, 0.873697, 1, 1, 1, 2.08333, 1, 3.70201e-08, -2.98023e-08, 1.47149e-07, -0.476796, 0.0889512, -0.0375194, 0.873697, 1, 1, 1 )
tracks/13/type = "transform"
tracks/13/path = NodePath("../Skeleton:Indicador01.L")
tracks/13/interp = 1
tracks/13/loop_wrap = true
tracks/13/imported = false
tracks/13/enabled = true
tracks/13/keys = PoolRealArray( 0, 1, 0.000279272, -0.000823744, 0.000423711, -0.193116, 0.086115, 0.103848, 0.971857, 1, 1, 1, 2.08333, 1, 0.000279335, -0.000823729, 0.000423668, -0.193116, 0.086115, 0.103848, 0.971857, 1, 1, 1 )
tracks/14/type = "transform"
tracks/14/path = NodePath("../Skeleton:Polegar03.L")
tracks/14/interp = 1
tracks/14/loop_wrap = true
tracks/14/imported = false
tracks/14/enabled = true
tracks/14/keys = PoolRealArray( 0, 1, 3.72529e-08, 1.30385e-08, -1.46683e-08, -0.0356279, -0.0752649, 0.201975, 0.975844, 1, 1, 1, 2.08333, 1, -2.6077e-08, 8.9407e-08, 1.04541e-07, -0.0356279, -0.0752648, 0.201975, 0.975844, 1, 1, 1 )
tracks/15/type = "transform"
tracks/15/path = NodePath("../Skeleton:Polegar02.L")
tracks/15/interp = 1
tracks/15/loop_wrap = true
tracks/15/imported = false
tracks/15/enabled = true
tracks/15/keys = PoolRealArray( 0, 1, 1.67172e-07, -8.19564e-08, -4.65661e-09, -0.0874535, 0.0923936, 0.27703, 0.952402, 1, 1, 1, 2.08333, 1, 1.62981e-07, -3.35276e-08, 4.00469e-08, -0.0874536, 0.0923936, 0.27703, 0.952402, 1, 1, 1 )
tracks/16/type = "transform"
tracks/16/path = NodePath("../Skeleton:Polegar01.L")
tracks/16/interp = 1
tracks/16/loop_wrap = true
tracks/16/imported = false
tracks/16/enabled = true
tracks/16/keys = PoolRealArray( 0, 1, -3.91155e-08, 0, 0, -0.246055, -0.033357, -0.189788, 0.949908, 1, 1, 1, 2.08333, 1, 1.30385e-08, 1.86265e-08, 2.23517e-08, -0.246055, -0.033357, -0.189788, 0.949908, 1, 1, 1 )
tracks/17/type = "transform"
tracks/17/path = NodePath("../Skeleton:Mao.L")
tracks/17/interp = 1
tracks/17/loop_wrap = true
tracks/17/imported = false
tracks/17/enabled = true
tracks/17/keys = PoolRealArray( 0, 1, 5.58794e-08, 0, 8.5216e-08, -0.11519, -0.216185, -0.0701413, 0.966993, 1, 1, 1, 0.0666667, 1, -1.86265e-09, 0, 1.62795e-07, -0.104256, -0.216434, -0.05888, 0.968927, 1, 1, 1, 0.133333, 1, -5.40167e-08, 0, 1.29174e-07, -0.081933, -0.214561, -0.0377977, 0.972534, 1, 1, 1, 0.2, 1, 0, 1.49012e-08, 1.22655e-07, -0.0620349, -0.210229, -0.0488223, 0.97446, 1, 1, 1, 0.266667, 1, 5.40167e-08, 1.49012e-08, 1.3528e-07, -0.0557064, -0.200238, -0.10198, 0.972832, 1, 1, 1, 0.333333, 1, 6.89179e-08, -1.49012e-08, 1.42958e-07, -0.0610057, -0.172473, -0.0723523, 0.980457, 1, 1, 1, 0.4, 1, 1.11759e-08, 0, 1.08196e-07, -0.0338854, -0.208523, 0.0472586, 0.976287, 1, 1, 1, 0.466667, 1, 1.49012e-08, -5.96046e-08, 1.88965e-07, 0.0115157, -0.269934, 0.0609264, 0.96088, 1, 1, 1, 0.533333, 1, 3.53903e-08, 0, 1.30106e-07, 0.0371076, -0.237894, 0.100245, 0.965391, 1, 1, 1, 0.6, 1, -1.49012e-08, 0, 1.10269e-07, 0.0541485, -0.120693, 0.133734, 0.982149, 1, 1, 1, 0.666667, 1, 2.04891e-08, -4.47035e-08, 1.15484e-07, 0.0756366, -0.0139654, 0.134948, 0.987863, 1, 1, 1, 0.733333, 1, 1.86265e-09, 0, 9.23872e-08, 0.0843388, 0.00604367, 0.135527, 0.987159, 1, 1, 1, 0.8, 1, -9.31323e-09, 0, 1.72853e-07, 0.0855067, 0.0103032, 0.159183, 0.983485, 1, 1, 1, 0.866667, 1, 2.23517e-08, 0, 6.85453e-08, 0.0842244, 0.0200941, 0.197536, 0.976464, 1, 1, 1, 0.933333, 1, -5.58794e-09, -1.49012e-08, 1.3411e-07, 0.0799896, 0.0310328, 0.226181, 0.970299, 1, 1, 1, 1, 1, 2.6077e-08, 1.49012e-08, 6.70552e-08, 0.0738343, 0.0372895, 0.224972, 0.970848, 1, 1, 1, 1.06667, 1, 4.09782e-08, 2.98023e-08, 1.01328e-07, 0.0669084, 0.0319811, 0.170845, 0.982503, 1, 1, 1, 1.13333, 1, -9.31323e-09, 1.49012e-08, 8.9407e-08, 0.0578012, 0.0178982, 0.0795528, 0.994992, 1, 1, 1, 1.2, 1, 0, 1.49012e-08, 7.7486e-08, 0.0436986, 0.000804763, -0.0224952, 0.998791, 1, 1, 1, 1.26667, 1, 4.09782e-08, -2.98023e-08, 1.72853e-07, 0.0245201, -0.0126533, -0.104317, 0.994161, 1, 1, 1, 1.33333, 1, 8.75443e-08, -1.49012e-08, 1.86265e-07, 0.00250892, -0.0206095, -0.154325, 0.987802, 1, 1, 1, 1.4, 1, -1.67638e-08, 4.47035e-08, 1.2964e-07, -0.0205235, -0.0226581, -0.160668, 0.986535, 1, 1, 1, 1.46667, 1, 1.86265e-08, 1.49012e-08, 1.54972e-07, -0.0434947, -0.0219149, -0.137035, 0.989368, 1, 1, 1, 1.6, 1, 2.42144e-08, 0, 1.17719e-07, -0.0847002, -0.022766, -0.0754646, 0.993284, 1, 1, 1, 1.66667, 1, 1.86265e-09, -4.47035e-08, 1.04308e-07, -0.0998629, -0.0255175, -0.0443802, 0.993683, 1, 1, 1, 1.73333, 1, -1.67638e-08, 1.49012e-08, 9.40636e-08, -0.110662, -0.0262845, 0.00378045, 0.993503, 1, 1, 1, 1.8, 1, 3.35276e-08, 1.49012e-08, 4.71249e-08, -0.115718, -0.0249353, 0.0340344, 0.992386, 1, 1, 1, 1.86667, 1, 2.42144e-08, 0, 1.27219e-07, -0.109, -0.0275837, 0.034015, 0.993077, 1, 1, 1, 1.93333, 1, 3.35276e-08, 2.98023e-08, 1.38953e-07, -0.083539, -0.0635948, 0.0230525, 0.994206, 1, 1, 1, 2, 1, 2.23517e-08, 0, 1.88127e-07, -0.0573143, -0.117754, 0.0137076, 0.991293, 1, 1, 1, 2.06667, 1, -5.96046e-08, 1.49012e-08, 1.19582e-07, -0.0485443, -0.145019, 0.00383653, 0.98823, 1, 1, 1, 2.08333, 1, -8.19564e-08, 1.49012e-08, 1.37836e-07, -0.0477011, -0.148327, 0.00227168, 0.987785, 1, 1, 1 )
tracks/18/type = "transform"
tracks/18/path = NodePath("../Skeleton:Radio.L")
tracks/18/interp = 1
tracks/18/loop_wrap = true
tracks/18/imported = false
tracks/18/enabled = true
tracks/18/keys = PoolRealArray( 0, 1, 2.61934e-08, -6.14673e-08, -2.98605e-08, 0.00120431, -0.000377681, -0.348909, 0.937156, 1, 1, 1, 0.0666667, 1, -4.6799e-08, 1.09896e-07, 2.59897e-08, 0.00128362, -0.000394628, -0.357516, 0.933906, 0.999999, 1, 1, 0.133333, 1, -3.20142e-08, -1.86265e-09, -8.22183e-08, 0.0014689, -0.00043445, -0.377446, 0.92603, 1, 1, 1, 0.2, 1, 1.55997e-08, -1.00583e-07, -8.88831e-08, 0.00170781, -0.000486662, -0.402782, 0.915294, 1, 1, 1, 0.333333, 1, -3.15486e-08, -1.04308e-07, -1.30967e-08, 0.00205218, -0.000564209, -0.438375, 0.89879, 1, 1, 1, 0.4, 1, 2.53785e-08, -1.11759e-08, 1.63564e-08, 0.00179446, -0.000506219, -0.41179, 0.911277, 0.999999, 0.999999, 1, 0.466667, 1, -2.8871e-08, -9.31323e-09, -2.61352e-08, 0.0012929, -0.000396662, -0.358494, 0.933531, 1, 1, 1, 0.533333, 1, 1.71131e-08, -8.3819e-08, 6.77828e-08, 0.000907218, -0.000314929, -0.316175, 0.9487, 1, 1, 1, 0.6, 1, -1.47847e-08, 9.31323e-09, -1.11788e-07, 0.00062878, -0.000258644, -0.282643, 0.959225, 1, 1, 1, 0.666667, 1, 7.567e-09, -2.98023e-08, -7.08096e-08, 0.000457371, -0.000225124, -0.260305, 0.965526, 1, 1, 1, 0.733333, 1, -9.54606e-09, 0, -3.69328e-08, 0.000434534, -0.000220711, -0.25732, 0.966326, 0.999999, 1, 1, 0.8, 1, 4.86616e-08, -4.65661e-08, 4.27826e-08, 0.000596047, -0.000252277, -0.278392, 0.960467, 0.999999, 1, 1, 1, 1, -3.72529e-09, -3.1665e-08, -6.70843e-08, 0.00168044, -0.000480627, -0.399906, 0.916554, 1, 1, 1, 1.06667, 1, -3.51574e-08, -7.26432e-08, -4.47035e-08, 0.00182533, -0.000512737, -0.415083, 0.909782, 0.999999, 1, 1, 1.13333, 1, 3.05008e-08, -5.58794e-09, 1.93249e-08, 0.00177713, -0.000501996, -0.41005, 0.912061, 0.999999, 1, 1, 1.26667, 1, 8.61473e-09, -4.84288e-08, 2.08383e-08, 0.0014242, -0.000424801, -0.372664, 0.927965, 1, 1, 1, 1.33333, 1, 2.80561e-08, -3.72529e-08, 1.4843e-08, 0.00132501, -0.000403451, -0.361999, 0.932177, 0.999999, 1, 1, 1.4, 1, 1.04774e-08, 3.35276e-08, 6.25441e-08, 0.00135924, -0.000410823, -0.365687, 0.930737, 0.999999, 1, 1, 1.46667, 1, -8.03266e-09, -5.58794e-08, -4.92146e-08, 0.00146496, -0.000433553, -0.377035, 0.926198, 1, 1, 1, 1.53333, 1, 1.57161e-08, -9.68575e-08, 1.63564e-08, 0.0015433, -0.000450572, -0.385389, 0.922753, 1, 1, 1, 1.6, 1, -1.40863e-08, -2.42144e-08, 2.22935e-08, 0.00154985, -0.000452002, -0.386085, 0.922462, 1, 1, 1, 1.66667, 1, 1.86265e-08, -7.45058e-09, -1.04337e-07, 0.0015096, -0.000443242, -0.381801, 0.924243, 1, 1, 1, 1.73333, 1, 0, 2.04891e-08, -3.13448e-08, 0.00143742, -0.000427628, -0.374083, 0.927394, 1, 1, 1, 1.8, 1, 1.00117e-08, 3.72529e-09, 2.45636e-08, 0.00127017, -0.000391741, -0.356051, 0.934465, 1, 1, 1, 1.86667, 1, 3.71365e-08, -3.72529e-09, 2.59897e-08, 0.00105882, -0.000346842, -0.332974, 0.942935, 1, 1, 1, 1.93333, 1, 7.15954e-08, -1.67638e-08, -8.64384e-09, 0.00101665, -0.000337919, -0.328333, 0.944562, 1, 1, 1, 2, 1, 9.6974e-08, -1.80677e-07, 1.80444e-09, 0.00114209, -0.000364448, -0.342117, 0.939657, 1, 1, 1, 2.06667, 1, -2.51457e-08, -1.28523e-07, 5.15138e-09, 0.00123161, -0.00038352, -0.351878, 0.936045, 0.999999, 1, 1, 2.08333, 1, -1.47847e-08, -1.78814e-07, 7.8202e-08, 0.00124298, -0.000385946, -0.353112, 0.93558, 0.999999, 1, 1 )
tracks/19/type = "transform"
tracks/19/path = NodePath("../Skeleton:Cotovelo.L")
tracks/19/interp = 1
tracks/19/loop_wrap = true
tracks/19/imported = false
tracks/19/enabled = true
tracks/19/keys = PoolRealArray( 0, 1, -3.0268e-08, 5.96046e-08, -8.33534e-08, 0.0106516, -0.00957097, -0.343741, 0.938955, 1, 1, 1, 0.0666667, 1, -6.51926e-09, 2.98023e-08, -8.3819e-09, 0.010876, -0.00981995, -0.352514, 0.935692, 1, 1, 1, 0.133333, 1, 1.86265e-08, 0, 2.84053e-08, 0.0113955, -0.0103973, -0.372857, 0.927761, 1, 1, 1, 0.2, 1, 3.1665e-08, 8.9407e-08, 2.65427e-08, 0.0120562, -0.0111335, -0.398786, 0.916897, 1, 1, 1, 0.333333, 1, -6.00703e-08, 0, 2.98023e-08, 0.0129854, -0.012173, -0.435384, 0.900069, 1, 1, 1, 0.4, 1, -2.09548e-08, 5.96046e-08, -4.19095e-08, 0.0122919, -0.0113966, -0.408052, 0.912805, 1, 1, 1, 0.466667, 1, 5.21541e-08, 1.78814e-07, -1.00117e-07, 0.0109017, -0.00984838, -0.353516, 0.935313, 1, 1, 1, 0.533333, 1, 2.79397e-08, 2.98023e-08, 3.11993e-08, 0.00979755, -0.0086263, -0.310441, 0.950503, 1, 1, 1, 0.6, 1, -1.39698e-09, 0, 3.07336e-08, 0.00890319, -0.00766857, -0.276524, 0.960935, 1, 1, 1, 0.666667, 1, 1.81608e-08, 2.98023e-08, -6.0536e-09, 0.00829732, -0.00703597, -0.254031, 0.967135, 1, 1, 1, 0.733333, 1, -3.25963e-09, 5.96046e-08, 6.56582e-08, 0.00821637, -0.00695145, -0.251026, 0.96792, 1, 1, 1, 0.8, 1, -1.86265e-09, 2.98023e-08, -5.9139e-08, 0.00878789, -0.00754815, -0.272242, 0.962159, 1, 1, 1, 1, 1, 2.18861e-08, 1.49012e-07, -4.84288e-08, 0.0119811, -0.0110497, -0.395836, 0.918177, 1, 1, 1, 1.06667, 1, 8.3819e-09, 2.98023e-08, -6.23986e-08, 0.0123772, -0.0114918, -0.411403, 0.911297, 1, 1, 1, 1.13333, 1, 1.44355e-08, 8.9407e-08, 6.42613e-08, 0.0122458, -0.0113451, -0.406238, 0.913615, 1, 1, 1, 1.26667, 1, 1.21072e-08, 0, 6.37956e-08, 0.0112708, -0.0102587, -0.367972, 0.929712, 1, 1, 1, 1.33333, 1, -1.19675e-07, 2.98023e-08, 8.89413e-08, 0.0109929, -0.00994968, -0.357086, 0.933954, 1, 1, 1, 1.4, 1, -2.28174e-08, 0, 5.07571e-08, 0.011089, -0.0100565, -0.360849, 0.932504, 1, 1, 1, 1.46667, 1, 9.31323e-09, 5.96046e-08, -6.56582e-08, 0.0113847, -0.0103853, -0.372435, 0.92793, 1, 1, 1, 1.53333, 1, -2.70084e-08, 5.96046e-08, 4.79631e-08, 0.0116025, -0.0106278, -0.380975, 0.924451, 1, 1, 1, 1.6, 1, 1.16415e-08, 5.96046e-08, -8.33534e-08, 0.0116207, -0.010648, -0.381687, 0.924157, 1, 1, 1, 1.66667, 1, 1.44355e-08, -8.9407e-08, 1.2666e-07, 0.011509, -0.0105236, -0.377306, 0.925957, 1, 1, 1, 1.73333, 1, 1.21072e-08, 0, -3.1665e-08, 0.0113078, -0.0102998, -0.369421, 0.929136, 1, 1, 1, 1.8, 1, 1.90921e-08, 8.9407e-08, -3.67872e-08, 0.0108379, -0.00977759, -0.351022, 0.936253, 1, 1, 1, 1.86667, 1, 5.58794e-09, -8.9407e-08, -4.56348e-08, 0.0102361, -0.00911071, -0.327519, 0.944745, 1, 1, 1, 1.93333, 1, 9.77889e-09, -8.9407e-08, 2.04891e-08, 0.010115, -0.00897673, -0.322796, 0.946372, 1, 1, 1, 2, 1, 3.58559e-08, -2.98023e-08, -8.10251e-08, 0.0104745, -0.00937468, -0.336823, 0.941463, 1, 1, 1, 2.06667, 1, -2.32831e-09, 2.98023e-08, -6.33299e-08, 0.010729, -0.00965683, -0.346767, 0.93784, 1, 1, 1, 2.08333, 1, -1.86265e-09, 8.9407e-08, -2.37487e-08, 0.0107612, -0.00969253, -0.348024, 0.937374, 0.999999, 1, 1 )
tracks/20/type = "transform"
tracks/20/path = NodePath("../Skeleton:Umero.L")
tracks/20/interp = 1
tracks/20/loop_wrap = true
tracks/20/imported = false
tracks/20/enabled = true
tracks/20/keys = PoolRealArray( 0, 1, -1.49012e-08, -5.96046e-08, 6.23986e-08, -0.408205, -0.0311327, 0.158795, 0.898434, 1, 1, 1, 0.0666667, 1, -1.49012e-08, -2.98023e-08, -3.1665e-08, -0.411595, -0.0219324, 0.160048, 0.896936, 1, 1, 1, 0.133333, 1, 0, -4.47035e-08, -3.91155e-08, -0.420501, -0.00293737, 0.167969, 0.891604, 1, 1, 1, 0.2, 1, 0, -1.49012e-08, -4.56348e-08, -0.439792, 0.00239646, 0.200277, 0.875481, 1, 1, 1, 0.266667, 1, -1.49012e-08, -4.47035e-08, -1.89058e-07, -0.464497, 0.00854539, 0.252059, 0.848903, 1, 1, 1, 0.333333, 1, 5.96046e-08, -5.96046e-08, -9.68575e-08, -0.478806, 0.0489379, 0.187978, 0.856162, 1, 1, 1, 0.4, 1, -1.49012e-08, -5.96046e-08, -1.94646e-07, -0.367988, 0.157832, -0.190157, 0.89639, 1, 1, 1, 0.466667, 1, 1.49012e-08, -2.98023e-08, 1.86265e-08, -0.21242, 0.227262, -0.389718, 0.866804, 1, 1, 1, 0.533333, 1, 0, -5.96046e-08, -8.9407e-08, -0.178687, 0.186793, -0.441196, 0.859375, 1, 1, 1, 0.6, 1, -2.23517e-08, -4.47035e-08, -1.86265e-08, -0.243042, 0.0729107, -0.437368, 0.862742, 1, 1, 1, 0.666667, 1, 3.72529e-08, -8.9407e-08, -1.52737e-07, -0.307966, -0.0285751, -0.420349, 0.853022, 1, 1, 1, 0.733333, 1, 7.45058e-09, -4.47035e-08, -2.79397e-09, -0.318078, -0.0424678, -0.413323, 0.852166, 1, 1, 1, 0.8, 1, -5.96046e-08, -4.47035e-08, -6.0536e-08, -0.324985, -0.0323327, -0.373428, 0.868269, 1, 1, 1, 0.866667, 1, -1.49012e-08, -8.9407e-08, -1.00583e-07, -0.344106, -0.020654, -0.285776, 0.894146, 1, 1, 1, 0.933333, 1, 0, -7.45058e-08, -3.53903e-08, -0.371927, -0.00880752, -0.15659, 0.914917, 1, 1, 1, 1, 1, -2.23517e-08, -2.98023e-08, -1.35973e-07, -0.401652, 0.00319234, 0.00232527, 0.915784, 1, 1, 1, 1.06667, 1, -2.23517e-08, -1.49012e-08, 5.58794e-09, -0.428172, 0.0152425, 0.170663, 0.887305, 1, 1, 1, 1.13333, 1, 0, -2.98023e-08, -8.9407e-08, -0.448003, 0.024505, 0.316811, 0.835658, 1, 1, 1, 1.2, 1, -7.45058e-09, 1.49012e-08, -1.29454e-07, -0.463961, 0.027739, 0.419315, 0.779837, 1, 1, 1, 1.26667, 1, -2.98023e-08, 0, -4.09782e-08, -0.478863, 0.0258302, 0.47582, 0.737305, 1, 1, 1, 1.33333, 1, -7.45058e-09, -8.9407e-08, -6.61239e-08, -0.49425, 0.02241, 0.496045, 0.71355, 1, 1, 1, 1.4, 1, 7.45058e-09, -4.47035e-08, 3.72529e-09, -0.510949, 0.0209044, 0.478388, 0.71389, 1, 1, 1, 1.46667, 1, -7.45058e-09, -4.47035e-08, -4.93601e-08, -0.528383, 0.0206368, 0.431447, 0.730916, 1, 1, 1, 1.6, 1, -1.49012e-08, -7.45058e-08, -1.09896e-07, -0.559029, 0.0136172, 0.286242, 0.778053, 1, 1, 1, 1.66667, 1, 0, -2.98023e-08, 1.86265e-08, -0.571387, 0.00179781, 0.197313, 0.796606, 0.999999, 1, 1, 1.73333, 1, -1.49012e-08, -2.98023e-08, -4.37722e-08, -0.585968, -0.033628, 0.0899431, 0.804624, 1, 0.999999, 1, 1.8, 1, 2.23517e-08, -5.96046e-08, -7.17118e-08, -0.595507, -0.0762836, -0.017152, 0.799536, 0.999999, 0.999999, 1, 1.86667, 1, -5.21541e-08, -2.98023e-08, 1.86265e-08, -0.595181, -0.104555, -0.10354, 0.790005, 1, 1, 1, 1.93333, 1, 0, -2.98023e-08, -1.13621e-07, -0.569718, -0.0900935, -0.154264, 0.802189, 1, 1, 1, 2, 1, 3.72529e-08, -7.45058e-08, -1.51806e-07, -0.528957, -0.0548504, -0.168319, 0.829979, 1, 1, 1, 2.06667, 1, -7.45058e-09, -2.98023e-08, -8.56817e-08, -0.506716, -0.036227, -0.160993, 0.846172, 1, 1, 1, 2.08333, 1, -7.45058e-09, -2.98023e-08, -8.56817e-08, -0.503945, -0.0339448, -0.159492, 0.848204, 1, 1, 1 )
tracks/21/type = "transform"
tracks/21/path = NodePath("../Skeleton:Clavicula.L")
tracks/21/interp = 1
tracks/21/loop_wrap = true
tracks/21/imported = false
tracks/21/enabled = true
tracks/21/keys = PoolRealArray( 0, 1, 0, 0, -1.49012e-08, 1.86264e-09, 3.72529e-09, 1.49012e-08, 1, 1, 1, 1, 2.08333, 1, -1.49012e-08, 2.6077e-08, 5.96046e-08, 1.86264e-09, 3.72529e-09, 1.49012e-08, 1, 1, 1, 1 )
tracks/22/type = "transform"
tracks/22/path = NodePath("../Skeleton:Costela.L")
tracks/22/interp = 1
tracks/22/loop_wrap = true
tracks/22/imported = false
tracks/22/enabled = true
tracks/22/keys = PoolRealArray( 0, 1, 2.98023e-08, -7.45058e-09, 1.49012e-08, -3.72529e-09, -3.14321e-09, 1.86265e-09, 1, 1, 1, 1, 2.08333, 1, 5.21541e-08, 1.49012e-08, 1.49012e-08, -3.72529e-09, -3.14321e-09, 1.86265e-09, 1, 1, 1, 1 )
tracks/23/type = "transform"
tracks/23/path = NodePath("../Skeleton:Minimo03.R")
tracks/23/interp = 1
tracks/23/loop_wrap = true
tracks/23/imported = false
tracks/23/enabled = true
tracks/23/keys = PoolRealArray( 0, 1, 6.51926e-08, 5.21541e-08, -6.33008e-08, -0.336611, 0.0683358, -0.0478831, 0.937939, 1, 1, 1, 2.08333, 1, -3.25963e-08, 5.7742e-08, 5.61704e-09, -0.336611, 0.0683358, -0.0478831, 0.937939, 1, 1, 1 )
tracks/24/type = "transform"
tracks/24/path = NodePath("../Skeleton:Minimo02.R")
tracks/24/interp = 1
tracks/24/loop_wrap = true
tracks/24/imported = false
tracks/24/enabled = true
tracks/24/keys = PoolRealArray( 0, 1, -3.34912e-08, 7.45058e-08, 7.38073e-08, -0.345911, 0.077621, -0.149521, 0.923019, 1, 1, 1, 2.08333, 1, -6.79538e-08, 7.07805e-08, 5.58794e-08, -0.345911, 0.077621, -0.149521, 0.923019, 1, 1, 1 )
tracks/25/type = "transform"
tracks/25/path = NodePath("../Skeleton:Minimo01.R")
tracks/25/interp = 1
tracks/25/loop_wrap = true
tracks/25/imported = false
tracks/25/enabled = true
